172622
717118
429658
496993
61707
697624
178291
582776
280444
110330
176589
502140
852142
78774
954933
33284
674197
507113
19369
252422
187363
152559
935623
143204
506781
251723
241986
776223
710014
302749
916154
219622
181048
306979
949233
631481
264892
563905
274426
162527
505936
401318
802908
944980
312112
751682
922878
68186
895823
198745
636307
94480
286797
201060
257478
944207
727398
374864
176419
484046
916876
111186
986452
337428
485193
998299
881759
304919
416642
711443
364242
128797
304443
497543
38132
62784
250027
709111
130403
146593
734698
664976
202735
38479
495138
432418
115795
565299
483348
970090
965299
598862
711938
226961
197458
434032
135546
929835
840203
959692
866082
708738
859933
502729
375055
591012
877366
177150
915629
448784
721278
36030
210383
420151
723625
720030
91943
383289
563460
714802
882865
787225
152142
19947
438186
380699
117369
56682
267758
806822
20198
659661
658165
766692
665113
839934
82268
320952
649098
167147
603566
405206
49605
500922
495440
206654
182492
663473
668900
414297
427691
895824
280046
141112
983245
480752
160273
658933
893407
542062
310840
12499
957218
411909
242357
640415
230620
805972
339059
509449
147845
330886
37487
882144
880440
916574
930762
458784
467837
957058
557462
516202
520527
579131
897371
497068
972856
539164
219456
204130
446581
719832
667400
764118
935204
961381
33075
376050
27690
415933
113169
697085
282113
451369
313223
914643
460201
254447
721627
426841
618628
266399
443963
771189
138732
786388
461373
826995
165218
988849
328263
316900
417008
429704
982412
686785
634161
403421
44899
380306
527781
889856
775723
769551
17767
300249
346625
224692
475423
931075
40065
150661
95161
334816
329231
528639
797130
501348
930914
93995
960265
102119
12963
709743
412444
79037
387215
869377
557732
160098
482994
570970
536178
483666
155562
259957
857988
132859
106679
197653
255609
874959
795558
861235
846241
856659
790170
72958
488465
155436
760388
783060
68395
604758
933673
347313
135326
411984
35828
180683
268314
782429
11502
2878
567068
45991
326579
357097
169467
482158
229646
521109
468656
185502
471662
641797
572785
487476
784617
810616
69399
523183
460936
270514
786786
949624
333836
227750
318136
812495
345719
451984
848925
293045
33845
211058
555658
368333
338541
525235
103241
758353
966397
863313
475926
337318
702862
448050
430664
820887
523404
293604
187871
563541
53567
160749
443553
562567
279204
911010
933085
95203
456279
286737
994962
700522
250486
219202
989598
550452
745863
643482
334667
239095
192144
649548
122561
724826
381461
813807
489168
735354
706642
277516
972160
868196
513028
893821
201443
658290
881342
447786
663437
831660
836593
150356
977076
636597
116336
308387
376111
381893
817856
323604
873545
564842
373450
780091
146799
245094
832225
773245
93273
286729
596420
309662
419637
959530
939376
129939
578714
633148
984853
818237
865514
5261
985959
276455
997678
354642
831391
964689
539904
205140
164648
87387
529901
360471
715529
895049
84886
243585
868178
59466
13073
19667
169065
307039
926751
422456
261368
676400
618186
26231
668719
824395
220826
266949
696625
679223
158083
761101
195216
393235
867465
55263
951959
986946
581251
518801
328666
761490
436446
969212
385467
940815
325232
705296
776872
148406
799349
20889
79556
958402
114259
290510
609403
172753
386613
521615
403253
633254
101292
171633
893185
356081
237509
423807
997385
998048
56231
320635
516318
142707
418818
15841
606541
485851
443488
751431
429613
930330
865343
368387
836376
398058
885316
93864
386850
111487
734010
63893
345192
59682
858271
70839
677786
464500
883087
793069
670273
186141
777199
410138
857644
712147
117193
994964
965574
693784
229299
483202
121439
668437
103914
635323
528254
94665
54824
536428
22218
155275
177729
650751
558713
102554
629666
236149
249659
409350
716301
480370
35705
18069
339427
367775
443205
585449
47572
409917
9947
564814
950020
167177
878767
444322
728046
711787
767904
497923
427039
940180
140619
813351
527515
363179
679499
813752
970655
108809
214671
671739
440810
877062
535233
384174
309855
423319
956206
195065
876450
469966
540657
281582
665593
306071
946729
635534
74179
124645
247787
524431
600793
444135
447632
562782
439072
976526
334350
943230
301916
993571
821118
691891
729674
719615
578304
310909
111951
794528
808428
741046
324047
238463
536145
493751
761430
434819
944871
933866
36498
941062
604580
311894
986888
979566
742927
512228
635130
689834
371826
914783
814119
124990
492818
564257
972303
252910
722473
759007
447115
491018
389337
815161
39253
610444
696780
133522
938392
788101
391378
543344
693386
138366
590997
478802
751130
844229
740213
571547
608533
870337
808624
270473
384347
826005
40553
685622
702933
157499
623237
638398
669613
386167
995950
242125
809710
286191
505979
267414
23854
710894
221477
840322
535761
168983
74215
847129
11453
841866
607768
326020
449252
603531
868587
883236
162196
573894
394379
435559
229724
635062
769993
694587
459815
955947
426057
488664
50836
504689
199531
367728
798316
982208
28308
334658
552857
851507
451712
643446
449749
989036
142378
43125
913979
781406
609662
628259
600183
553905
606187
452212
955279
977184
877500
572554
193120
600854
238711
444912
280106
931571
249446
342211
541955
218259
200070
707940
225849
306124
837820
71421
567112
806636
709194
187736
964951
976312
263428
621242
982815
814059
236473
471550
424851
194640
920920
233137
408300
556743
458734
997873
650730
966633
245426
579124
811587
617348
816049
129012
622293
835460
172160
19364
824950
6984
23436
202134
332001
324594
828378
815651
881639
514207
960992
476819
588014
5036
103020
696978
912427
969545
973036
547224
339304
613524
104675
862928
346857
897782
324641
329627
789645
32333
480080
14288
992554
426050
949884
386361
621762
557506
868074
286287
691477
557532
170678
590832
932720
104584
282590
779342
600969
642615
739388
68020
40420
882595
742318
386063
897544
868188
178490
625324
182800
690731
998692
979390
847639
681895
217091
218247
498420
834510
868466
741590
105916
869708
225729
508394
199746
569562
284590
797894
12607
787349
10066
678370
294492
436739
301311
956420
482605
624676
189664
445865
989978
279874
845106
241803
533433
731376
464193
137404
911079
261269
653886
29778
264000
948109
243660
170197
257506
160797
374910
416952
313906
15201
508007
501687
858873
681845
373080
357259
469869
214375
171580
348022
70259
25952
871664
964057
862742
444128
767850
189443
141699
266703
864431
425708
415474
92182
425668
769940
964180
485642
541329
612373
244834
617210
96602
917117
250118
315875
48404
325126
720592
118692
223502
563373
807759
651525
142940
729454
251794
479026
905819
995504
14213
647645
173737
377451
949554
421789
529289
918464
471665
806373
95071
821324
182713
587191
117599
601520
112011
827263
567959
998838
318583
935396
414353
226130
983601
575424
244191
671792
598696
558021
404649
987251
61051
740270
509166
419087
19582
473148
329048
498992
682101
501508
748745
990942
52183
742193
981455
79068
766574
520225
555802
2335
359609
336419
882088
254221
36133
653173
337939
363452
780979
282176
954206
592358
15155
956530
102055
886220
900722
42572
748798
488357
515482
3125
454181
19551
813583
877639
966397
994440
873339
729238
327101
499825
105704
710655
504133
810152
140953
291880
48441
598371
227762
646182
735986
754778
91197
201120
956732
491560
913304
332427
643023
525711
347070
364035
756494
674533
500942
247858
183368
275653
626516
576366
379572
828054
736400
836664
625930
335234
474650
217085
592797
322890
7385
912465
414969
152376
546664
399064
691301
109784
691470
320516
641633
686513
853912
968394
575213
2304
881931
949508
787705
999330
449190
630523
507258
76064
154781
816209
402994
602380
970756
500910
20885
583631
834291
192354
580973
859201
903945
804645
879591
50840
622216
474919
791020
116708
235826
956572
282546
48868
367581
62067
823483
920951
372630
314895
803490
736967
163480
573388
949722
285142
268513
500857
38913
892490
460995
374585
665449
827937
995301
452425
430627
780606
237085
205519
615603
408375
246978
904775
467430
281430
911141
131738
91873
872414
228490
817425
298520
817840
62555
170603
749402
323468
607740
112555
663817
253652
34602
562566
94839
974956
441479
551562
886461
315094
43243
48955
798777
878890
450558
429650
938292
908337
108627
226777
207034
776749
134164
999845
720569
753838
817180
735031
822497
284281
537560
495046
469555
891327
502699
660996
83262
797583
701220
743844
692205
557328
238838
726712
428778
827720
849900
544681
800202
852885
769048
556631
780527
106070
143110
270376
125978
514494
547241
976193
968619
755449
851932
38274
401473
940267
496461
818028
909287
812678
31202
322905
450983
520912
406865
714916
162002
682622
43101
698347
449433
552080
559058
643671
175488
280321
701913
265738
700811
459711
399877
911757
432472
358841
934103
975731
85472
884180
254105
720131
709976
881533
808385
400111
998189
204014
42310
208056
970935
660386
413895
644689
604437
807838
30010
240023
850039
491374
612542
778257
937758
839923
979214
88190
134810
877549
134774
687918
492359
63075
719441
658391
162850
529749
471603
626888
501400
825924
588483
336444
525920
378807
10849
974625
362212
787690
545111
442278
699172
223357
84892
419299
99091
756624
99067
644171
590781
601707
312303
280506
134886
666581
359934
770399
757524
885995
288247
978452
900166
366743
524836
736921
918738
571421
156297
896771
966342
169819
506407
712728
307672
309261
699655
13657
941157
729510
315632
91777
297773
724573
483841
43285
170268
842387
209560
874231
207918
179650
580035
15351
931421
820510
434380
954870
719888
131083
100166
47177
777150
611803
810512
165491
367218
165783
221742
510398
283548
34586
707903
959534
218192
331732
347896
566521
563920
264667
447538
987783
249844
368554
544572
908993
957073
591403
465207
52322
823590
118419
458073
964046
110127
682900
107596
358793
599615
649484
562789
322255
34442
637214
903014
830656
143951
667852
970862
350634
535211
504452
324963
838097
891817
460766
437575
567045
698787
648380
986445
699599
505192
918911
642076
891665
13390
3977
534723
762620
927796
729902
622944
204723
228322
327963
408151
341159
744123
110801
369089
206517
936872
272106
777654
179711
265052
249024
431293
839972
55795
409346
544249
319130
380983
810493
599705
44159
129243
184318
358855
29808
113639
271358
56063
804922
306929
299192
137937
675232
98463
9177
952656
283639
290527
259431
704168
702751
879501
377514
608793
578417
397388
350141
821008
337180
549053
189193
946186
448473
487810
127014
233588
970054
649008
483353
247984
411163
223753
579810
9514
400207
780591
863028
96158
400178
304408
700414
429647
266954
448419
410098
246076
23338
255532
869970
847920
425243
933859
854484
164277
442935
37725
517064
244289
192546
48892
936045
407376
512726
223580
150502
955911
860748
716720
445379
144104
467569
447732
789401
629021
207788
780719
147359
711249
511675
100803
694280
79002
169640
594145
913341
415311
290184
610459
905444
921314
729632
969970
509475
666726
976837
377400
25658
891157
586897
310803
658719
640843
682922
390456
169387
685835
86695
319437
846873
764060
492241
10080
658058
344210
722479
25430
562180
54413
333143
697996
304641
623243
726453
907709
414054
929894
974287
393286
654522
819681
323468
618395
440552
667698
581719
935583
74318
48346
491339
52778
653866
208768
84876
60074
912256
516880
386412
557133
851799
133524
935413
60957
492284
756040
568641
931442
428791
868806
478731
127401
387651
788899
691304
518696
108632
887
294417
34900
441552
487984
533329
975041
398613
509720
561025
569416
148504
445179
195519
103295
951325
591318
647392
331789
645400
224916
425040
339515
496654
320830
209616
776545
896679
653957
143898
63944
948283
218287
356242
491044
487026
159114
229955
397387
939
444595
929042
790237
234686
274954
718987
140546
913944
866457
730323
9605
96068
316974
199034
886444
36338
330944
881731
319501
108615
594843
746331
885148
262757
144606
244769
611866
314402
67049
284811
725420
348662
207391
679454
713384
558124
416576
183879
528681
641518
700294
151538
775405
855784
256170
142728
310204
335109
751012
513208
177872
893208
990930
94712
985914
816814
253779
794952
290972
609405
848293
252682
820648
215751
871783
111664
93699
279617
213806
563566
115434
209830
6058
907369
299082
829506
366065
661473
70343
579778
883162
415778
780867
518151
42041
703205
249256
647901
165976
126901
219656
767600
428314
536923
536717
426358
755505
110589
893607
778021
574669
357726
305088
753313
671480
679214
386151
265539
912150
705716
893831
745416
956277
275143
405589
32165
917791
817971
630602
598041
278970
958105
666700
250979
632116
528377
814454
941606
905219
631591
733566
333937
513379
156330
577761
778310
360136
948714
542396
467970
523116
282928
416939
271438
153155
41334
353181
880570
264768
832510
909392
78781
356613
164453
680866
741842
747386
856922
703746
862809
761138
34880
992721
566231
300581
454383
433591
527113
212928
627637
613367
260037
621754
589711
650634
932196
732843
41178
962732
872657
401596
477541
801366
406557
670314
490106
634668
985007
514773
804616
247507
497866
335882
384694
856136
494616
685273
864370
405541
856379
224804
248236
764310
327831
513775
888759
606573
196981
540559
79095
687403
210301
755022
928965
131698
89657
715956
333660
648514
160331
563824
19144
323975
757717
268075
670230
189664
893501
708458
291620
488170
557765
523230
997044
208287
505115
505702
879311
862391
237309
176762
149738
721592
572698
451581
631659
538983
164371
371360
283520
949708
711462
202827
111427
637966
292270
80591
498268
717628
201716
519392
73029
835778
750056
78968
273092
753752
309022
325857
515619
525385
136809
235738
946978
169136
732556
933008
904430
931512
723818
935947
798416
6260
293365
649028
499588
294059
611862
385708
737507
618417
118729
730391
891874
255282
850498
74045
527077
615297
317949
748122
555895
667690
778249
242618
173869
409829
544013
381410
237189
77193
67583
123018
489134
149895
722578
266268
707840
623659
888868
648778
165797
614325
513610
405836
282151
894147
782638
784460
595967
773062
641375
253400
345916
85829
383900
282672
93267
291761
945088
170638
396328
938366
220661
548731
907390
299611
839138
538829
116489
439511
830229
397355
805162
489803
703032
205047
954249
451540
638098
658821
205439
694617
440319
832514
789689
34181
867079
247937
884968
552299
212710
142752
102
110892
298436
268458
714476
357706
489395
161491
538807
198192
116478
840308
506887
989603
590279
212501
940591
470523
593518
936134
297380
652813
5315
514241
164151
861113
718598
524233
509008
684758
531411
278662
403327
887772
32046
723502
433931
201282
22031
534859
364081
750650
648148
342058
131769
40535
209470
437869
298667
280286
532154
683556
224548
26793
409082
559998
408426
880889
732708
437113
911389
628873
671935
950656
393120
65687
878052
271030
395350
51592
10310
490504
997610
868780
482181
897262
155203
922209
921459
238175
104479
797042
793683
361471
60667
182938
380860
671048
427101
238049
589797
755170
832161
933702
411598
64276
658897
92059
171529
389261
465526
854514
646673
522885
64215
623660
506175
199675
969230
381659
800449
901337
724719
625679
421927
513376
760700
202647
422348
279063
848100
625554
548223
379056
912091
201842
606287
359849
328658
445494
197635
111231
861067
537663
971906
145737
641219
482117
324881
672928
582696
140727
214206
562885
777971
74403
174125
785185
31054
840078
986162
9646
597353
413527
639580
447963
716023
515732
361079
382229
363870
576305
212005
96890
326486
398772
374914
956292
726438
199395
230878
147681
305700
196643
977745
434665
547307
693823
183700
815270
626421
793669
903603
324605
252779
497239
17999
420114
141052
660664
308077
284523
356221
654305
847718
814722
394198
619935
863246
343946
386319
447336
887598
777608
756599
144551
905446
7663
625354
743712
389679
910915
945087
896526
58585
902141
249887
420727
747383
333568
970306
219086
396602
306601
99284
950430
895235
595713
108759
412330
100956
48134
994104
808254
551767
896674
712040
202889
544252
413676
420056
425311
63955
449199
534984
411113
698764
679236
248610
612966
160432
850577
777829
83130
656909
126914
30577
295469
380399
399244
672384
540336
564971
54637
942737
208681
684092
190444
802363
939863
87585
613963
447716
656946
528834
313397
969624
964002
586646
931727
965197
101425
386387
349558
100503
93253
157640
554496
912538
69061
56388
915343
557156
234371
532729
576564
885038
96795
378624
839123
756656
908774
809162
759901
305217
833443
207317
841349
808778
886182
459339
881985
993454
881299
635415
599844
661832
156519
760547
694952
569198
464165
445137
48116
755396
654886
352647
358526
272210
1290
341104
289186
150144
983630
703857
443249
21397
346724
383865
745536
796870
737185
16140
624741
804502
6580
700719
126878
282661
490006
72450
966056
824888
760496
926168
503612
494858
645141
474576
794862
366696
195217
571594
789361
57091
944074
789075
355555
234715
33590
567005
513449
135339
870001
894555
669788
445488
578766
697152
350981
607229
736865
707672
442228
468873
582237
356736
429550
202324
593485
32250
485273
927105
496584
853142
400058
933950
427456
460663
384834
848401
83953
191990
962720
267878
201865
708613
391706
178030
340807
418832
143351
516528
72613
478342
713389
871480
69877
899570
937979
686863
368126
332911
958737
498812
435364
545084
172989
31399
403653
95708
117227
772887
633204
963810
889298
82786
393955
315916
328724
554322
956143
656281
419242
73732
779493
858248
708180
796810
629177
238936
897842
849938
597585
230023
415959
738548
989951
691781
602245
783536
281565
70921
466334
758198
263234
758127
997824
18052
359830
62923
842824
623467
230587
561585
650084
885634
951583
482500
304746
360808
744391
789125
141776
533814
527836
984597
946633
323949
22812
917639
627552
443576
9276
56491
377515
536278
897768
737627
287644
230099
868883
48378
699990
547399
745092
317179
726258
178185
886815
746371
887877
348585
913782
243587
162092
177682
737432
613219
134703
416089
800082
188001
592277
695465
591949
894229
945424
36890
239713
467972
920919
775543
824719
259695
176879
42562
686002
501905
608563
652513
477241
939155
639389
845963
868942
607672
137232
384312
974529
115451
281627
540432
915417
56578
418789
638732
362268
391824
53196
449904
501811
36556
103594
112059
621648
904382
19249
431063
45070
165094
978858
911430
850914
312894
159333
511408
371371
54160
620603
946425
935071
629835
156935
705364
16675
396036
144123
983988
22861
82259
613955
104930
234246
620360
50621
396055
855662
411923
32689
265601
826134
985418
198375
37676
716553
997161
482487
826868
478630
111156
652487
52312
796028
419509
804230
789708
714389
834441
993431
313871
240823
944743
213915
570256
153133
503475
207871
812833
257773
806124
589526
5475
881654
312619
247825
839258
802587
403299
991646
17957
926442
701886
178978
754620
494418
275181
370873
249393
646008
245395
227861
575940
643052
983186
836306
443305
888086
738409
326158
601179
119806
4728
189300
823867
875030
169633
124404
525102
919848
225261
486104
951343
962782
765077
912553
797785
557293
144637
368355
776725
66172
516300
14866
529349
35914
855939
540254
349439
431364
843036
984855
206491
542763
944992
70320
270577
108380
621106
329840
669331
583879
796672
871203
275392
323462
959532
71396
578232
786920
800803
998410
185587
776368
768945
892159
478315
235255
411128
91696
186540
974852
68432
587294
754046
868535
400461
61230
791142
371471
563226
171896
111402
155361
403763
781242
879308
754304
62042
104852
578152
638493
119638
960149
257885
301016
687987
111088
265860
338185
655402
862497
993824
150468
680721
68346
607348
118754
967802
21159
80991
178458
29349
706647
582868
588774
692961
291147
713752
590960
196310
633153
244888
165700
371170
86396
213221
11442
589334
82087
310816
320676
153712
596719
198230
711339
679620
60047
8975
117247
820323
395535
849267
454948
875283
86864
828464
568147
725376
449287
865393
536525
991552
105014
753986
40845
966574
35589
291597
719796
26256
611734
777769
924634
606981
908414
467207
722285
941185
52075
686991
279129
505094
218772
459889
920523
140470
263096
870817
988764
960352
590372
82976
75420
541373
328077
152167
604878
487936
706458
636162
2483
399593
854951
657992
357625
32392
903654
335450
589428
393990
531153
771870
846239
144531
10024
479226
770003
807615
962922
489356
502760
880303
465682
907437
699366
686705
380058
976285
274242
337185
74592
510460
311364
713243
797294
808043
168406
251922
413650
117576
40695
413038
71116
702395
710697
632434
428473
229054
781513
843328
464234
416685
220976
628623
400776
230138
699036
951908
658041
673734
706771
147668
696826
773900
378925
352556
973218
470848
293460
643553
307735
377442
562744
633107
161400
678034
311440
184329
351883
679237
345137
351752
484020
638258
620181
63972
794204
273756
140779
967282
675891
695566
792548
290482
957156
362102
393730
856684
174118
664722
398578
761399
318268
495933
530970
342765
966166
615628
488618
88433
806300
886426
874464
766777
924854
709331
264503
323459
145938
835182
820507
21874
253329
464446
185256
732889
247123
669551
80624
868996
788442
166979
931197
166613
24460
287405
362783
431216
366340
314028
482080
36757
141019
420030
816084
552714
843159
315220
996019
771859
636498
769521
563463
941389
919772
195817
451131
118479
395691
824976
139959
689276
786862
538788
190591
548580
978832
104468
213990
680318
677630
11535
81564
129133
404905
529323
450433
770940
300788
340122
495409
699932
794216
267464
950906
620232
986332
984633
949833
101466
260668
363650
803134
407972
805645
71750
465583
38908
173049
597924
550359
224580
319254
34044
989334
47341
766953
645179
471411
277534
468379
636733
195701
335103
690341
1651
35707
757347
667634
310973
36255
95524
988266
350170
740625
63146
895326
888242
678687
355020
939251
848719
969968
197308
126861
161660
971064
914013
605981
768486
965205
206389
221576
789595
208243
847172
793715
760820
824665
907740
507281
712116
104415
40648
474257
685863
265360
93965
835746
73925
885734
376604
255735
422221
583034
248993
690519
953661
556162
296185
295617
819886
363755
290432
568488
710797
619446
347372
51166
955097
9373
91035
613341
131374
435588
831664
773929
406150
679530
960759
826884
737549
759187
195668
825623
192039
401378
257551
101558
219004
850157
72341
797033
168891
774846
712573
703388
356106
709395
614809
881212
886232
902491
344112
411136
267754
516653
623582
285035
789471
398762
307261
106333
639025
776726
282584
131003
272834
784982
233328
224987
925656
171329
442239
37073
8414
721079
296914
823005
949306
784428
368544
582641
566987
80855
39550
789683
167371
714314
509006
255814
508361
573100
850759
722754
198207
94391
659971
95562
656902
899438
287583
189805
852287
726295
772828
645060
291842
882160
23988
926312
661775
264959
84560
25946
223821
487557
392298
748635
656615
384156
543487
737838
778463
120078
753549
89450
216837
379143
335597
470743
767663
229524
594809
729381
915334
33387
717280
709936
224046
237829
18456
271884
741904
569778
269482
153229
110004
398199
180599
819312
855967
723749
276680
578382
282664
909756
804050
398910
289230
105708
198298
435443
986347
735585
604081
207915
10631
709768
862581
213302
5453
176248
529390
587912
270028
904241
570315
279509
490246
230854
932097
906803
93701
483375
60245
110815
997148
602268
715417
581654
282040
223546
639623
672245
800187
746623
893379
365939
75370
968949
908758
316658
703239
804985
869569
336126
108217
247978
28355
613959
115360
145737
941909
236836
393898
781525
573321
919872
190963
297959
505552
588546
764796
312298
667389
43769
886966
322438
628948
685744
353487
431909
811526
515162
987229
537833
262153
803080
276845
106263
548171
441049
417134
930425
330108
171347
663601
709853
423886
77630
882112
392477
52798
736485
164998
912352
853392
410327
958500
274695
927323
283079
591048
627319
591369
238778
645002
769992
168992
858078
170708
880441
631632
687153
662107
719746
337103
248117
309708
240742
882002
902615
788748
647123
750362
849967
188368
395694
570428
742578
186450
254102
986450
136283
279689
793154
165996
937168
721466
780894
247608
681612
709604
416369
593487
820541
689303
875799
553312
776013
273472
229449
133576
111889
659645
317470
401982
125037
699216
600392
307180
304798
412668
510422
397946
493897
373431
10399
643290
332333
97387
670703
775194
729934
470318
504803
910389
553330
879974
843778
338450
348014
695163
749184
675281
366666
635463
579204
537071
140833
612884
302553
721971
563600
566056
989677
639835
389952
545502
316783
349182
464687
159526
547673
825890
634654
980120
715981
452781
920574
56925
652145
226648
592589
659428
291475
645034
701873
310613
194566
887672
278792
833685
907976
528270
454378
781540
25386
617413
786422
122651
910451
724159
927740
517376
99283
531575
89295
383780
450401
59974
216742
489907
203084
845729
947156
747369
587794
623231
20743
59119
555496
446937
635829
663455
169224
61415
243856
402531
501229
341767
841619
657417
413547
596484
92546
227636
532356
964709
657158
817851
588202
214548
578948
883670
178797
151712
451471
690235
614061
503411
225151
101347
192653
239122
994691
299343
542699
681116
151396
405860
836770
372863
390800
931228
555009
234523
89298
166532
514229
411172
72896
179045
990981
687438
225248
877801
373910
548376
456535
930851
822458
954778
192429
361576
779058
708758
208144
890962
367881
748056
490687
921813
461831
60749
662492
331349
216269
448785
575379
468607
167491
77725
704636
64038
631510
90509
483940
757144
441748
270646
799124
41806
442261
922775
611883
55910
126344
867507
40727
280103
873393
534740
656259
855011
190962
337984
40609
726609
989442
895723
712057
298999
985713
368034
376408
626581
110020
400287
165005
977121
521516
382279
571308
948342
249665
172560
999339
927583
388339
833328
411892
25375
427195
793412
134083
977044
555993
528144
6040
875290
889126
73752
324318
125320
242573
885177
701051
83207
327452
45286
860865
44076
681446
838514
828052
96647
923475
894074
562819
403812
735771
924654
774532
642853
28248
722133
445215
285183
819611
730850
118316
643696
154665
259411
909060
861205
751396
741079
307244
476566
956117
807463
681948
738533
150537
771433
935066
783501
607396
599076
358385
820078
249111
282251
337758
612456
950855
407963
368801
612589
252026
549406
150767
253957
989052
224725
734706
2376
931998
393227
320860
141383
254708
894182
328897
657014
79883
726846
524728
334435
117893
132757
624279
90690
962104
157663
888390
53226
504774
890963
83695
829527
15256
672954
43810
526289
142574
311473
800124
422912
670666
129210
734368
248909
656536
523606
967215
326001
707459
916181
430274
302688
374796
997954
398021
133275
824506
965400
650568
68157
712276
376104
185847
825469
240312
243495
655995
901862
708759
487836
272762
680642
532470
633106
125851
675776
349223
64475
870735
135726
843050
90407
519300
595059
606893
917620
114888
854964
866334
8045
976125
970662
600738
425165
628672
279077
517566
51583
358962
494729
963347
787796
339668
302670
495352
663269
708329
302642
513700
527205
892566
906353
697176
834719
867339
908118
738114
60204
516596
915216
749762
917299
435292
644652
610360
520755
846229
329028
777431
918439
820498
117189
267150
463538
835686
708736
306371
330510
501540
734055
688098
971559
969240
543070
87706
913397
138816
847185
681478
672582
4428
680709
516101
600903
645753
62426
197894
679023
666041
460602
460855
404180
935335
617851
506722
356495
420949
261543
417397
867535
288372
170569
432415
582917
514534
834502
233949
473307
967425
919567
463371
688740
879489
168696
382705
593092
931560
946133
422326
758770
889898
699607
703151
151336
242108
762833
778690
157215
404098
219332
68250
311757
329681
813071
695057
279296
601214
164534
250230
440251
237601
554309
753180
941537
862421
788616
881252
479906
189658
858710
336984
110993
346351
661690
919854
316217
338509
768603
40098
662844
631766
739485
515682
621875
463455
799334
214730
356969
145360
497247
254160
106054
846942
793450
490042
493161
486364
646466
11834
968567
673317
350068
860149
21077
529286
544812
838948
972999
939642
762035
393542
74906
156806
109032
731748
334815
697661
158299
810626
243069
177743
721891
32491
98720
54570
748869
552581
656487
777133
185519
9675
504172
54538
91450
187158
264936
60866
364981
512534
16932
434690
820678
830282
887767
681565
265827
801349
353271
467886
85062
955459
521713
806638
248991
325193
929727
819714
661867
713837
847484
757413
286634
843926
28794
931984
951015
665819
239784
431106
838113
872027
203510
35222
543040
586756
761948
216501
679504
961555
498210
130827
718940
261215
701450
401270
641951
125634
755483
488767
755843
277267
940745
786022
201245
16661
782605
548789
44385
448255
467556
196029
850230
225188
663038
528962
721852
917775
268305
961222
715185
339768
896772
285585
719467
462414
776710
448757
297268
867302
191166
182819
599957
392464
39889
160570
787865
326704
843925
735460
960279
370667
700685
169405
517139
370038
681707
224419
558293
553765
89806
165404
685086
168473
444952
327433
915196
886048
527877
854229
966420
512785
596791
203539
402916
708965
777324
468413
608052
486452
240693
857372
630976
195393
659952
198322
812866
351040
87518
534489
200186
78318
255036
556227
501167
515246
976174
41969
463809
411368
261624
733846
501321
232312
787101
554264
574219
913610
161024
643035
680735
745854
854124
925138
85417
34000
598548
781902
676234
237180
218487
620922
257186
233899
66391
441918
680219
936000
368210
410636
547931
100045
459444
223262
84834
8284
534927
245302
314570
240591
37965
563543
73370
19651
367480
806966
179308
700814
324820
456658
989113
930250
683273
754927
776757
801748
450384
600027
307260
340590
311925
880761
712557
322519
976751
357848
461675
848902
735431
726609
445244
366687
646574
102647
98871
397316
663721
305697
301427
273934
72242
131217
748261
909971
737958
865976
913896
117861
456701
673441
924198
579666
435374
197972
34800
332224
500028
781489
27077
715530
232075
699305
101053
356775
839130
550547
671601
977725
243430
693809
563260
112071
555427
904924
379856
507490
378973
182787
33905
368090
105652
124931
756064
431770
976665
161921
630553
796077
784595
7999
194694
757865
131765
782426
246731
485987
840637
710332
526375
323691
643798
680300
61111
237730
702609
604853
564889
123657
445954
362081
433165
218794
42281
914158
66135
543013
214435
938241
913404
813857
631941
208799
750379
21302
942716
352955
741090
354925
877812
835617
688477
472374
815471
684220
516894
775313
218028
238647
124667
967823
427968
245710
368767
15400
682389
832597
598534
608401
173030
775091
463326
978639
177940
83674
830456
601465
350555
267614
594407
631544
236884
336204
177351
784519
508104
325274
293325
739740
148099
257146
44271
513483
49225
184464
426452
451932
826992
192425
271902
321866
444740
83495
684328
489349
798675
193834
65786
155355
758286
414658
56330
696666
620335
502211
170297
139261
850576
872167
284867
160190
335454
134906
818520
416948
315854
204242
413664
658381
833644
164866
738701
464272
201665
65636
925717
385747
15372
514016
973444
975660
159220
275246
148874
880288
121238
283036
992348
292896
393951
80706
912370
887923
251308
205136
298303
511155
389988
195794
143941
29608
985302
304426
857682
162932
381393
895823
975487
125283
774363
247895
835826
772783
235834
877067
519580
379192
738945
83084
403225
612492
619697
119478
207131
833307
633121
79696
851733
177833
209654
222971
922393
360525
839842
503041
61634
494387
641333
785631
246428
922243
477711
335602
338610
934090
299415
852536
657088
721275
883018
958858
520423
433633
669026
846512
580595
830056
521825
873965
559591
576075
322896
60870
654835
91303
946665
198691
480042
60060
550292
327072
3474
548025
399053
619770
425123
628719
520300
739121
584263
340629
325131
892576
336947
358108
44536
507317
50186
372240
935281
548545
276020
519354
31685
575450
184608
73018
965682
283941
634916
970594
959918
404617
361135
721368
517742
303475
705764
151353
188274
873702
977107
272694
209336
437944
66545
281899
560797
643194
421094
68804
687479
433124
754054
736402
478074
837144
81912
45694
136229
604308
379668
119122
54293
569350
157956
277544
632238
266269
585309
110652
163438
6240
938038
91034
460763
598977
250295
457495
764403
105660
779017
492062
642591
104574
629718
336215
276394
766464
278862
87426
927082
893205
788884
155783
216695
230428
882567
272661
307294
917029
432138
246201
623461
30790
964974
954235
123871
167163
390165
46239
310022
363752
627011
391760
631445
94235
271224
499822
398838
970416
701727
262438
65769
859325
341584
472054
451692
200280
514823
191679
720008
738322
138954
632278
686088
48508
316124
10382
549040
796823
654501
928371
647719
582958
686957
283262
204100
33588
938332
914679
41538
711432
907413
192318
381749
996650
286110
179778
984770
798410
398551
728417
884350
985709
346486
311105
814473
264746
821800
33021
834212
469048
622860
647169
716001
474011
429012
149866
670668
241835
415956
775005
927761
344010
362635
123758
799041
485920
489754
333456
947239
407368
604102
781407
250290
448929
209075
723952
837026
706520
419158
446239
788101
114741
118850
118394
564997
642754
702870
921636
135196
311437
626241
155903
679710
430044
554570
288801
723441
358665
69856
832147
673124
924003
881529
940311
294331
988549
832044
403935
38249
124582
109076
461745
332870
522454
535064
751881
471749
980457
968751
198856
256897
92653
761891
605529
128413
18896
346162
603134
317773
100808
347048
144183
998424
445520
456710
641655
375287
56418
476930
691020
15054
476250
208021
991703
42218
388668
784600
419088
941195
340749
900374
579369
742369
423984
435305
91273
976360
975437
839185
523520
101005
935481
243154
202300
136613
632661
179434
492071
933755
111218
354811
59233
344597
697534
605100
79013
753751
890511
152813
788764
303894
27358
796376
230856
566555
962945
464193
691187
343680
51582
895383
496808
410336
341695
846845
977879
312532
188636
866102
267394
569524
107710
321270
228828
824502
333261
260634
177629
703594
858742
95588
475982
68052
970801
852430
856353
855505
423466
403541
280453
143975
622381
686685
578828
730189
125370
688768
248628
672860
177503
506914
628411
48684
543908
855785
409503
254553
440417
60708
327972
766817
514161
176863
853719
459800
616355
224284
372174
894523
638617
52256
529804
342046
5835
389679
360891
704303
351053
745657
705288
824372
764114
444307
583719
758651
598027
292525
382614
144009
401469
195423
921429
270741
578645
86983
924973
505914
520117
760012
399852
533637
420030
425948
911481
905566
135450
762454
51544
272128
217514
32455
319208
882182
669564
518811
201715
65850
31429
974992
372837
948367
522258
113081
216398
448
134361
486206
542915
361817
780182
778275
469547
79062
630810
908460
521582
588777
716475
506244
171487
544102
699022
808726
673216
325055
572313
325089
625657
825825
66975
353291
95997
366050
860406
578662
5335
596999
43773
964660
543865
941319
14323
926197
185582
910423
763038
39683
14282
234280
742086
67553
377116
640708
929170
666183
679250
499917
740762
19686
736196
431159
880514
442439
343606
976387
402783
938785
275432
603965
645741
924708
436838
264138
195012
446784
789649
679171
352669
561185
753622
912236
139891
938609
958980
817805
376508
740630
834851
174613
625463
605519
973166
1851
910658
248484
156930
21819
315627
698310
393549
361133
126566
590103
631915
13805
489817
220671
813461
518037
301743
445754
15693
416634
586683
4644
667055
726358
675384
236850
888276
397356
90441
86594
260334
200457
967929
863844
363536
920408
325884
799663
896917
126847
378341
948929
398332
535726
810334
315299
863602
217491
671717
871036
220574
305819
720380
520221
598085
581135
110982
209715
531003
434534
903969
513145
57683
306127
808728
885754
354764
791595
96169
618493
822240
346670
191137
272028
346469
868781
20539
87367
680658
833128
524271
713952
714290
236617
371102
215521
611117
672815
44117
112503
489580
20709
767171
129958
23081
510392
404093
564900
918432
649462
137582
674029
300089
29713
903217
479360
435759
567982
715218
949596
493304
444293
546916
420021
723275
139290
91640
340903
916363
490087
425836
187221
992036
277146
921668
669581
601628
331327
613539
404948
81554
157596
335180
313549
874669
408288
495338
105737
570878
771113
42867
763650
498576
276116
899477
769301
891370
134906
534997
21664
223201
988634
530781
259104
732718
69846
636458
774072
552209
594746
823281
843117
48338
309470
516909
575665
415939
831092
63328
394703
33980
156032
987894
268317
60547
396731
228867
780662
389669
100315
988102
834864
919231
24901
522825
387566
149520
803193
469228
891014
789027
890940
898444
668895
115076
998047
535358
722155
713732
901762
507465
918310
161051
639285
441303
190780
346836
261846
364000
878568
371481
232639
59385
901203
469693
884872
374945
555511
945165
389855
299637
125375
63289
107139
63510
278228
436576
959986
792256
918801
869438
845443
291079
360126
714777
293090
697476
964835
23197
12080
395002
189771
801318
920854
411393
663324
159694
853081
284775
665158
101184
208962
126178
59727
854585
985198
839965
555769
929477
986498
279344
127131
768110
506127
582124
644824
295740
739049
843094
568450
991846
99523
372830
833411
280241
476546
902513
885679
221983
698142
300812
663487
841072
49080
143744
34990
871494
938579
162087
305412
182643
992974
807137
621217
760262
290602
490655
125007
134727
114799
190542
929751
851172
57732
779349
6097
101800
939499
502532
720385
513903
126006
876561
69261
323175
187649
955161
747168
234884
853442
456435
917922
947096
209239
163679
13015
455815
181268
469312
337848
36226
666520
353093
371727
710031
429735
352198
269983
588317
142478
217288
519601
403023
653151
705244
916802
546847
88738
637736
303690
303142
513002
863
867044
558105
786645
509092
260450
255519
160747
702600
933321
700140
796046
911016
44467
589553
684854
783846
121149
660489
115000
802314
286700
906523
433014
895050
186026
928035
918327
55270
851489
744341
626774
603691
584592
757277
180687
958362
219461
217213
479542
634770
554167
145058
834343
407058
627667
476440
667680
95563
671348
799734
503558
270679
438681
906003
387468
228338
23270
211469
496578
577976
355172
534738
80076
519682
541269
802240
612531
972388
96080
769087
712267
196019
1312
471463
176389
689159
455438
361956
627889
822496
92346
822000
12941
359459
509677
119264
926707
644365
323048
504168
347190
413842
712985
81796
902182
251895
396678
81745
243177
672246
959355
599594
292443
331670
831164
878062
548417
969656
134175
899419
893049
642489
635194
903697
488405
779824
153205
692422
432554
317621
444915
980989
659751
855319
363521
367415
247693
630448
660266
812292
711513
453948
967509
690665
234867
937093
271853
330174
316293
234531
297710
784843
964709
604886
669477
151764
499963
164919
296774
6902
207000
100036
586631
920107
46358
955593
9152
79931
338505
966697
799572
566991
101062
154846
529799
670174
187333
282112
954510
395109
451746
711407
213882
92842
466885
317575
15202
986686
269880
561790
900038
123016
47919
322650
417894
281837
44301
303349
559077
715629
359659
553235
810479
21248
425169
103127
1261
410138
287677
36570
992629
163728
544782
345477
728348
827739
531597
496323
701307
370130
574114
849608
559588
407799
291160
476784
469250
50872
592613
446138
657769
956310
392737
463260
869536
587342
60533
578685
870948
870338
116466
907631
362183
947989
349599
896547
919130
122030
675193
196859
934599
539894
561897
845004
684318
913116
237978
538759
142179
981198
88582
129426
710368
601222
65872
944359
400213
819491
707897
934123
918224
959206
324573
947412
717552
187868
893061
519580
798212
152360
986354
309572
591978
73294
421786
216706
846423
192430
356626
593454
569466
410410
967762
682773
869762
444944
569735
3703
890346
857232
19394
709364
248371
138939
466009
931772
613773
36698
994919
373194
65273
442040
935532
712764
260278
557027
740385
297100
333435
469666
494303
219011
580492
921378
474645
333580
604991
684049
153590
252417
401309
197054
624339
189143
554195
660423
738367
588926
971543
323181
51529
413380
744695
494065
89062
906647
759103
544690
468146
899375
420415
144517
168790
703928
986656
389688
181049
208634
123280
749247
267126
731990
829333
12717
756464
467730
328922
674524
741442
9311
631917
922773
722025
816285
757906
404271
898661
65102
11495
697105
204355
645452
293072
931447
61181
20614
324224
84230
891261
891234
874619
636056
436873
863184
610577
97508
49681
438629
622608
531183
180253
561976
322546
728644
130011
900974
554088
242995
310738
940240
306519
330747
402289
996501
814105
762681
195434
532901
390087
712290
127295
838905
741194
524204
103765
506929
488767
937098
816397
129490
844325
412781
195031
804208
777502
76278
740843
9864
507018
801473
758456
222457
498728
232533
968772
14620
509195
739022
721372
714756
31159
335386
249504
620801
45558
330652
539059
905051
335418
378831
604940
398866
799346
903087
40138
867121
542074
231539
20770
819111
346195
990719
974729
458853
880685
778451
63371
937201
151126
732607
287022
992326
528285
656499
92087
910510
451007
91205
14594
510387
591386
620379
138563
867245
691994
903524
919714
628898
419518
987303
695899
333036
191865
602384
190274
965790
635907
543558
882456
854761
209894
636853
663632
290207
480060
319865
393382
218578
283596
73598
377553
955951
293889
262114
170488
860042
288628
10994
781960
819762
469948
952307
394685
4667
966676
646827
576742
112576
103464
734513
238541
492659
470089
554515
83452
779640
618738
262420
550670
560793
291536
819674
282856
769977
157759
17772
613631
612444
34064
453481
313764
171067
638371
123663
904910
331881
936251
123724
858329
571752
812819
301718
362895
717426
464900
852465
52448
112788
302725
385262
475136
315954
125843
795030
863322
916616
796836
771790
71011
944098
202903
207169
439802
198293
651227
963056
685221
371286
390090
273944
817924
417144
212591
449637
272981
320046
398761
711531
504306
189027
281739
666207
760044
957251
508337
315140
947258
962204
503595
937638
484320
111827
555070
148711
625613
745801
402823
887534
654763
133540
568989
56918
387664
398300
772590
828010
619578
434412
873898
276892
95843
625361
547357
583262
57318
900722
47482
219173
806168
876353
290640
27050
435091
772359
259749
768477
805182
982213
674766
907196
953549
315781
710589
505252
5386
289883
549353
695420
296805
927047
973317
220125
893959
476984
239082
611379
275929
881937
784203
851297
294076
860506
962114
742842
501227
922056
920070
978393
65581
480092
942450
827247
709807
107131
474
188877
905047
357314
155401
376763
655461
357425
30451
224418
475464
621830
650273
198249
270404
898429
768331
789078
779750
277719
113553
845067
213517
946394
509256
728833
636908
585004
259432
777786
763739
326703
485309
848310
742413
337598
547064
519873
947473
120289
42348
473047
119660
512072
879288
336685
108174
37070
388583
552216
413088
797184
98028
817221
439868
414345
958785
368100
154042
795491
990300
768622
854465
319503
150350
239989
182737
524229
252492
662459
699006
415281
551265
106439
786253
67127
409333
897062
376939
973593
760072
477330
191096
529249
229305
477134
639875
766156
35870
875480
469639
980700
109212
965891
677943
825890
296357
872752
416566
105445
969265
241189
608615
190673
414286
941145
860104
955486
591899
790193
616002
451553
454703
340069
771232
672023
705142
650395
458603
642482
112387
154361
495981
821531
871376
988418
649461
715208
547344
863472
29480
102534
159215
925320
852566
402689
769891
555434
389774
60562
131262
134143
574732
741567
705051
215914
416764
185102
296192
879119
635101
501881
344072
162744
442275
800471
740969
499752
833038
102790
43535
641647
864801
707097
699615
594210
34392
7105
41394
536606
148884
104244
317515
802497
358621
869565
909307
378550
851235
552591
381877
415754
376639
504807
478575
108519
343819
200003
392611
158894
38111
209185
476444
444124
416358
767914
694439
770923
423554
928798
841215
111383
359989
252130
827330
266076
324241
724526
122831
874418
241524
410728
585522
992128
226992
102494
731587
784749
817907
355140
310228
601488
619684
22379
570791
864368
440780
539967
880291
229200
461524
14940
567902
899575
514283
639409
92626
417043
637197
831057
930222
420504
446560
677296
734018
983163
753610
287455
300215
509253
872607
823749
604682
171397
717970
786230
447699
322031
153852
733275
978105
491158
972900
850358
34360
572841
870947
920356
750305
154823
787818
893300
800428
598510
923000
79778
315243
589199
224544
187185
581527
734906
438138
939427
539244
75069
487673
449094
419676
481692
804521
719303
205190
777430
870607
502657
743601
292968
109437
464803
361675
799065
577677
696860
115723
693790
507837
603601
356109
669470
283890
277252
475474
38358
389699
310371
619829
966815
70700
348038
185196
96952
725131
229742
161506
127356
286565
51138
757737
582096
500157
127469
202667
173347
963049
651963
290610
774217
586061
718519
930861
120906
630166
140783
22672
364942
142114
789680
658592
746760
87054
933919
204656
936975
382072
650725
289069
658216
127966
682173
528076
39152
821067
745728
385185
879034
557853
73761
653737
249964
434680
181193
734088
169196
250940
629443
867298
645130
290002
149238
284735
273220
713983
79127
429881
277218
632551
631787
548216
592342
477084
726562
740470
616185
873262
309627
274213
420924
971080
729205
725022
521594
178685
296670
363953
869979
728335
123196
392943
867972
659147
151181
702342
392668
552350
67729
585730
608906
602841
149774
588776
301641
722870
220600
198909
89887
311477
988933
931022
613474
881820
830582
595223
865075
16411
137318
734208
980519
966765
665661
522716
341198
972855
406160
404435
781699
694717
744108
867228
293250
9414
243313
14170
302233
152916
446739
57337
579849
141209
153980
132670
553854
871413
155531
802607
98423
446015
285231
154639
887425
829406
288617
748710
47838
453766
742827
752134
24939
183438
862101
397977
534154
872393
543264
180263
306662
192793
359855
795421
288751
831537
739907
515017
573161
370375
321758
401900
92600
328693
87905
704603
88912
728571
816643
522505
289747
934673
449150
217853
182161
370149
503592
788024
492394
80428
297576
686438
880265
878287
734151
475625
586992
476880
571841
471101
599113
399404
285333
559202
485087
797829
425814
73451
380305
552792
967650
602597
696949
867621
336185
343843
326384
63861
552584
258198
619259
345013
190003
338591
812145
396547
266641
891802
885220
218307
857262
745340
79926
668474
376029
581516
249123
263199
146452
767288
745205
342782
520557
25871
997057
865936
561594
523174
76360
644016
550208
230140
89981
155806
985185
721068
593024
927509
536999
527103
956301
482378
570333
259840
636532
522355
341226
494666
668112
569616
532452
482993
259563
829709
806664
267053
292920
865044
36309
950442
604253
556787
200432
212026
656023
799421
677312
506584
298755
902549
922463
936018
845438
153797
437961
297219
611380
514755
801191
344785
610920
538878
540945
527253
551774
409350
786106
48749
80880
772606
927145
881783
908593
76176
230711
199286
31980
205716
871104
404778
220649
922152
321724
216634
454811
745605
180906
140529
226065
982759
365959
407226
782592
629763
844932
548443
967579
499236
628097
534068
311110
888234
863009
489577
747696
690583
632528
420073
91324
732731
438725
868945
1736
921751
60459
756969
970213
939966
609336
539743
664134
932123
61332
571125
432972
803528
525298
188492
121778
281661
717814
893145
48787
769818
529523
989661
997735
186786
262638
40920
988588
740556
307128
72518
102348
848815
679901
834429
976841
324962
120157
655738
514083
672072
462491
833064
499754
115795
721121
199510
187070
171521
910713
567077
829810
237700
690640
729613
354361
275478
158379
574148
674981
349124
166004
13679
226267
1542
343316
773679
191861
414197
621539
957503
464546
1661
502923
798967
469905
159136
965746
985873
495543
894717
944021
183433
956867
792823
803046
754309
412139
400191
529358
441066
720239
482179
918374
660210
808889
88142
520425
811553
239262
989761
700009
247384
979644
907046
221400
402783
543059
947867
664240
203331
388807
59323
446289
523051
393667
745294
61676
487465
324957
332902
412637
327429
747908
193749
771432
724063
662096
233412
516971
47108
260616
667413
15286
834640
664388
200550
767945
132110
105284
40442
544843
479968
559134
868633
282314
730569
913840
609669
768350
677500
688972
447517
245253
732621
85239
51017
130825
901152
113378
795136
720179
405977
358107
83179
112983
657538
136625
2909
675948
516954
614273
128101
912141
149937
867053
141445
505829
727595
398219
296932
333992
470442
109490
10511
656114
107525
507876
770601
260396
487710
236028
628761
812277
246642
326204
427415
105204
878101
633050
442591
77403
61661
2398
245268
212634
3280
451076
679364
815801
622867
216517
973201
703468
805898
181020
14211
513393
242847
334976
283679
989585
706771
467178
237203
223781
477616
896506
256108
232632
897241
786409
914592
144089
25918
24736
834831
107952
679129
765148
318526
319299
138963
326140
724591
880130
40854
525819
549979
876826
464287
469307
464085
526264
410724
409672
84525
892376
81751
229490
1349
983626
529382
31877
356497
485676
120027
955863
385519
707982
831086
247384
883413
908375
566873
61509
207531
283756
549588
885194
374444
464527
778591
876564
295317
510687
67430
305701
364118
571177
353783
43609
381798
797279
766196
757394
698298
946439
772190
945487
406856
295631
187170
782111
14436
19153
236016
809091
233711
106458
141623
339332
445310
356306
164447
34086
810033
941666
634790
44754
233118
927616
788124
621284
24104
933240
387529
700249
202725
786696
389235
889511
394017
690070
805345
529227
847178
901421
889264
837320
362222
638801
686286
479867
281226
451917
19607
30987
270378
232768
362832
588732
567136
266593
213577
216106
626557
944017
149962
917020
738715
218072
932082
867466
688045
222665
317453
276364
832662
359150
727957
647018
269647
91410
247760
992911
778415
607747
550515
327227
52120
224943
805045
773132
194267
498430
272465
16421
850711
402585
676800
726505
285463
651312
660967
492953
534531
39197
718658
945873
585812
643425
960681
462434
171670
589991
425654
290866
942192
259402
150088
825801
996296
656441
144852
613633
98279
918146
710990
898310
438896
626648
353486
720909
472220
259292
507339
634247
502078
767789
953662
949014
356419
597252
383608
414509
28467
275865
572506
535147
801494
411372
572334
69712
569844
503261
59487
729600
116656
850354
273545
816812
350956
895173
896307
274601
906048
131564
140866
162839
997801
184774
853882
738890
812405
585817
511584
10908
231682
196358
476747
467318
133569
435362
978140
579369
432181
877955
438232
695143
143981
253777
731425
374179
510032
32454
58160
186280
569636
310950
600370
152934
69747
123974
210495
596937
754907
279464
307953
786262
284658
834014
851929
508024
448839
650126
267875
699210
305414
844568
436937
544846
439332
643887
225242
395486
937281
96210
629566
599362
137873
978326
825531
669606
763159
751159
517375
382103
709746
769489
418371
314475
36945
754178
639497
153961
987321
4667
723032
100991
218062
965065
564299
222703
758130
164379
270460
2886
960074
382004
985903
88086
683791
481050
105621
112444
624037
26476
796340
986187
822445
925641
182025
110118
633715
69490
887341
573211
252977
109072
149471
910240
94028
722574
939986
427777
870325
470856
460180
291736
721816
791613
742192
487734
83850
922981
292783
353347
104880
13675
572854
648117
201600
295475
7210
628914
589514
803235
636360
279546
129413
433422
157814
26337
24081
663882
53052
751338
572668
759495
222261
28588
925080
52750
610472
247016
146871
947232
412827
607560
590467
235982
61787
813094
864258
476577
992684
964743
950071
966506
537835
543493
982757
789520
523117
508982
765128
640788
399141
882541
220383
193976
213110
520569
703934
415912
256396
55180
683160
695087
768201
700543
179325
605637
488982
620753
361469
392714
117128
433204
945684
694865
118932
461345
943045
756916
893688
676456
931919
739428
944949
432647
148461
650706
187376
206813
587641
339340
233156
467313
472025
412519
569228
28940
389317
558748
153834
589245
122369
892696
481320
56367
786554
60298
565211
760938
173389
562844
610352
755315
568181
252600
520482
281731
815342
151289
651232
451985
225039
705694
900977
230763
730053
456488
500992
973506
263694
534643
99880
159633
317923
420700
805952
787655
690282
841562
762421
511507
920415
947561
950240
909918
916541
155758
347636
884822
125457
129974
581439
222754
904856
110908
366086
288128
455894
441931
931274
608374
880174
786705
750283
305917
337767
451409
444252
413051
524001
543110
437099
849810
57542
240112
286208
346845
392964
6168
858370
948676
571879
180115
657658
111990
33980
165518
748055
229631
307190
994378
959299
642759
71614
504247
259652
993674
81984
704963
409356
556117
932752
437752
980206
267703
20203
640898
772263
321360
10612
588270
130000
204522
344651
562254
47886
401138
92066
151029
559732
528631
567753
95523
140429
432307
487963
702762
624303
172580
959536
573464
467813
563815
471047
589993
458405
365577
488998
539941
854139
179824
296721
727381
807726
672289
941307
752661
313492
406328
199723
3175
310218
300325
467361
150791
646192
522026
650340
592976
765436
768110
584701
357
813730
949790
787832
83098
146622
93318
115279
488962
55616
218868
65248
885303
402205
746393
749254
739038
192757
184332
507306
990997
751462
736310
841809
320356
793633
899458
20194
494398
877824
897593
218917
957460
436654
892720
448346
745913
884024
140488
578806
807013
743774
186388
422392
393407
64279
61236
317903
341608
545214
731785
565209
103996
804780
631192
660498
871167
67093
362928
463132
374853
652865
911356
118460
992789
46369
262964
11064
93408
613207
574309
307537
968934
395606
208773
46408
843132
560443
719423
491914
675489
584297
75075
907906
583999
438880
328468
261112
871433
201756
483856
779914
46499
771366
752689
863168
892832
864501
80020
371570
64188
986530
834571
143933
623655
403244
690301
453717
524475
786793
208359
559968
933738
584922
845988
99109
204368
559373
533624
160067
140581
24847
793068
190655
856449
800393
19121
469230
539793
463915
955048
362290
622406
191226
93246
890788
650522
39847
433015
991894
665407
136254
784599
67166
525926
133769
749556
692499
596812
970627
375234
430838
923081
574368
696699
822352
35203
829278
350558
197088
387485
127503
489943
5624
556003
406302
891994
365972
163387
17987
384116
212
119146
876814
287500
988697
508593
378417
193270
152161
292062
1753
402370
514188
798921
164911
985461
999314
108541
518364
948652
620635
904314
133724
12064
709221
593494
457046
598666
110726
802242
475539
51982
79349
847689
229155
554964
751731
338324
733772
419627
782160
825616
877849
585497
973927
384111
144731
418569
618976
140725
848523
558669
570160
122183
338636
74839
436600
96787
207643
573630
322577
935981
388025
221440
96625
753637
318627
359477
122169
258456
38982
461473
503670
236326
429529
112185
274531
295062
33367
556817
447994
527945
178262
455811
432508
382499
396942
680852
661176
713834
302807
955753
481412
249627
13146
533729
554011
320661
229514
170310
547939
933560
546895
94353
461303
127354
621307
540946
322947
993958
989098
568493
455242
343562
655439
715945
46892
725627
966533
914112
527492
137186
59729
79214
647306
603083
164658
199344
490054
726014
781984
71268
103442
275046
767266
580192
60632
983005
686107
344471
941472
38994
822457
781737
177973
619964
385154
564749
584064
291857
337528
581673
827543
104923
25970
622250
535825
300082
48857
795706
664311
555802
62430
52226
447177
442975
456057
378478
910095
387423
553260
577270
46572
829933
240488
771277
947905
193683
673799
994998
628343
204833
559171
883793
154958
685265
431746
731640
733267
377611
494166
792142
719722
714964
350694
303990
455665
965359
925591
474551
742424
435962
521300
537588
512057
665761
585757
953307
252785
132456
470045
641707
681270
789798
838487
889012
490486
456598
941024
34029
798761
763910
968309
629020
56303
339064
489438
326523
641460
821558
467287
866231
62722
639223
531805
269870
594782
601998
404671
897497
689073
154241
867754
40041
723072
581922
69618
657705
272274
429001
125260
818991
957258
579251
572707
45314
639539
629415
690242
722882
125403
636900
983249
573848
272068
390706
281700
359488
676234
717020
222654
759956
501677
576250
361017
28565
691909
363541
504884
97841
121976
197911
744032
712928
917199
861818
482048
661863
791339
170019
331515
523431
195445
23179
589075
205248
890696
170993
94305
187287
827407
303768
254478
970886
601920
254290
360527
800929
476323
988817
47614
779942
782235
554762
146718
24887
214940
253236
139032
585242
130779
694645
425567
503937
879327
376881
52127
710630
300633
381998
306874
672319
201528
745365
905286
783729
660475
742996
128052
498
700352
589884
74700
702826
962311
122124
816144
842788
137891
594641
618935
935823
575012
484463
653691
912165
390694
889140
21160
354568
52070
53683
691619
95263
216964
34263
590204
730257
760755
993821
693314
387404
594743
298443
694384
390026
95043
686775
599264
602791
58046
785810
838563
169589
994093
541809
247640
487775
532534
698093
231783
653873
420827
952647
736766
19761
180753
298237
6133
290295
48023
390236
192191
284699
443542
222003
219706
431349
900462
455281
551147
532136
6049
738905
470683
922711
430132
768689
765023
766650
833254
322404
160447
786548
754283
203018
851556
349520
744367
142391
873158
812609
259849
433772
542420
244369
440511
218389
254738
262346
249848
73600
751258
54377
880701
891566
847316
216272
377973
765631
84779
817836
107878
10472
533039
368122
183505
874778
992224
750624
97662
700566
871283
634612
534598
343455
686778
274199
942157
306862
182762
219122
678798
396435
735881
93615
681105
218454
397835
858745
913579
601879
623431
603566
528961
742992
226318
983724
788316
192993
23423
766202
263356
676138
27800
705714
672393
603760
526205
941605
229354
444684
628846
560309
695381
28898
684252
552017
456357
915622
693657
164554
431055
708486
298442
667470
550391
282697
194806
855237
420489
45040
938538
720277
581254
443769
221607
587531
959277
431046
267756
871691
78282
319174
204567
274959
351427
318004
413647
506538
119556
393040
632754
796328
580319
76405
242829
205125
648259
120118
377626
974431
699228
276632
836598
822898
946472
266813
474113
503565
763577
673717
520243
946287
306846
94090
802615
64948
416168
793699
115880
940125
291442
804228
547748
370971
676465
661469
445093
813806
350910
377912
457398
761110
353243
456276
117799
811745
178361
96544
327277
411056
697061
855162
585497
206284
332016
210827
943202
399929
528409
308487
365533
443066
363676
807613
844876
518352
196445
215161
680624
383192
351312
760282
914024
313123
475748
834438
462168
281217
271279
114284
179473
551138
451843
22757
325051
256048
594875
92938
508567
839142
909336
789843
682409
898191
713511
238090
283399
217838
36585
64809
133530
762079
803964
300675
957493
594890
558659
349316
356129
958140
148169
907759
90322
546809
871051
739338
147405
286273
371485
452635
14056
547252
982741
273466
165740
972849
374934
418032
551161
412441
643141
822078
664525
217904
896172
105304
750923
891964
286107
589707
816118
749991
673010
574772
128893
599217
351636
663570
486890
318413
242718
789341
135048
545195
860803
112779
774338
174158
495368
149544
792242
117319
765716
231666
735023
847520
599112
971105
307319
670723
972288
980940
401675
613763
122917
58807
272596
525927
545046
988862
726052
324895
568898
323805
242660
179150
715622
416479
324651
919072
479973
914513
580178
670169
801877
452639
414836
402047
172627
927986
421131
893424
990530
227713
802452
55827
299178
864329
294281
305884
223174
934173
684827
597326
321697
598804
838129
452026
244575
588949
696087
462815
730507
643777
980349
523565
458210
38021
880386
360705
649317
89315
844008
392209
785378
280926
347021
583133
536549
682439
171689
90448
317345
986533
174037
910647
688363
252815
604525
700297
999079
29917
138312
152586
343485
116222
860910
562431
875385
73093
869111
163245
112340
760371
169230
644995
692554
162582
169255
519555
273589
967049
633379
78212
564466
54544
505293
949499
368736
390944
341835
172013
183881
390648
640824
526985
166085
199677
448413
170972
782867
434890
966861
246681
329529
721734
366292
786619
579443
304857
427806
587560
740850
526026
955186
169603
860667
213613
471783
202501
944453
531454
375502
792038
571055
504369
447736
556950
491680
653200
410632
259713
671569
928839
250289
790787
205452
372932
315189
421517
335771
212455
521209
55299
335643
205500
645186
974275
564373
119472
27686
915397
239927
838765
26199
351553
929941
729930
80404
846633
174733
587172
701621
867444
76841
107421
651375
430171
435328
208038
690141
341890
577693
689681
703463
412156
411129
131845
983422
427239
670867
967466
891461
671271
95014
617917
167942
78765
400046
104527
502671
91646
897736
104337
119810
458831
206965
32938
1583
104045
765701
432753
180538
180758
697170
760266
665712
970313
30539
530681
354663
269612
866362
69663
842323
611842
297595
369971
793712
379204
832375
193911
704969
627669
192898
621169
136987
200169
839630
656451
444540
738176
973266
309074
698991
151726
470219
75917
863620
502914
227844
401478
447755
98874
698866
733592
898479
470697
807817
400851
942712
815960
274308
860876
51118
413562
886180
585658
251356
647489
833253
844776
706104
350578
394714
280909
726019
587716
101561
981547
554792
675573
776148
416570
624339
717559
630985
650710
164046
68768
732604
71828
605351
918141
369779
421467
730529
13573
487565
785576
545014
32412
870603
845400
170848
149210
615116
282957
317178
183818
990405
175475
915999
837265
696359
900065
117556
875753
371789
935905
528472
33105
300901
622472
310903
814405
380329
609295
982352
717098
417199
939284
984352
572155
840976
821225
517890
509387
888432
174261
990733
993408
229946
752773
688558
224849
239867
993008
948836
479184
329458
33340
117317
692179
393263
951448
916853
391870
334085
424770
994684
773701
488506
542745
491388
577530
851806
62783
265053
362532
449221
808286
400090
359772
742502
165407
809069
419261
436541
128970
809589
679940
432038
129209
390950
971621
689554
691894
873655
483804
946846
676095
913401
230100
205174
317759
60686
938785
948554
912138
226527
448203
315148
803377
640704
359434
564069
761548
755637
850918
322250
562772
17058
708437
694276
345380
325684
39102
865345
59736
16549
879637
736922
950894
955982
546055
151375
494256
775477
107793
693204
551369
906419
619636
164866
151227
663100
886970
654456
619116
52094
213428
836129
423365
343886
964858
101694
138386
957618
390680
640320
77305
148797
220345
303249
360838
587341
37009
487955
20927
434429
309825
784275
53011
948297
401327
47850
214847
869298
361980
491490
415462
633126
159422
158413
252245
243365
764068
677956
425929
486402
714120
7667
234248
125395
704836
237503
66769
345540
195488
562505
490001
305722
549318
311337
238863
743204
18238
197063
108008
488512
704342
260706
319285
617509
445833
230242
475198
33781
639319
651957
733742
180699
505346
753374
363487
712834
125249
87455
547622
352603
1089
144986
830849
798082
96648
272910
554507
308171
343837
12244
580879
637330
239924
357698
847981
284332
410071
594807
863764
479152
161102
854329
462209
614191
978324
466081
895247
446537
783165
262800
98818
49879
991221
975223
355679
460532
889683
98276
248334
597884
543474
942767
778364
766073
13764
950643
483420
479918
997492
539414
374260
802252
147557
830002
865199
99271
262220
106930
189230
819326
259948
828291
565756
757988
782190
22742
162423
806711
584813
406318
944894
992627
215583
891652
551214
195082
14394
743534
610143
279732
355800
99621
846251
69904
234233
676011
951802
642920
590386
262611
354335
601025
339155
16092
88266
657086
747436
583309
132852
452254
66520
837508
236955
134322
609324
956968
197959
861861
93113
869993
696043
474462
792130
243789
124988
764512
152498
23989
46186
965883
916710
219138
801776
285965
623078
551404
334509
400348
540095
522398
68642
208408
919778
418320
602553
296880
331079
861929
712664
899827
688533
552455
653757
600830
240742
443853
407837
853360
859245
627530
178767
697557
829429
51865
460068
173440
310148
316493
558206
851302
66965
372391
374035
602383
746376
688352
272472
977282
310317
318426
540938
973566
117455
407164
41288
335272
339393
58931
396792
709966
68757
805806
925545
909418
347826
696938
640703
706384
995996
505204
869318
379890
940481
16680
51712
57503
518642
798640
252643
116475
608115
384776
967169
275631
987113
112179
732400
875207
982149
980897
293782
125106
145251
796165
206396
337908
130631
976473
587981
831398
706785
290133
718868
246627
722429
421432
256957
290649
346193
948258
216309
797941
346465
187690
275747
490644
197323
769155
180230
27030
361331
44809
831270
492625
586529
259025
333768
823240
762265
138826
641703
907738
210326
523889
266619
806632
804672
547247
871631
366205
410713
724336
474952
780860
195408
212228
535668
19545
931413
579983
229341
20075
245178
334983
855488
895183
800907
160635
845
747966
22466
115233
244669
545915
493018
885409
220158
689329
479091
13942
641268
17184
906903
905214
759545
574836
256843
186112
487119
483692
838002
835790
446801
144587
80823
764225
447672
202797
882065
892814
962016
2931
394511
173093
644151
729766
594736
599046
899142
215149
152135
34604
989237
162693
925374
950100
946580
683746
229253
779133
582063
630824
55974
598908
277576
606969
429076
458423
477571
462842
495587
59052
367568
836119
720909
729513
15250
533491
389062
150328
629758
20122
977721
639091
956448
408275
325473
916335
236728
167591
562334
442388
384311
969389
936661
416967
269513
205381
118249
51858
467875
756886
255317
261648
825149
361782
320070
516286
891542
554376
8243
75685
511471
228504
660094
313435
149030
436311
38528
855408
279577
498728
431583
682812
198010
226515
349747
582516
395454
717681
443028
276278
894382
218493
788126
673780
340142
879627
89883
256000
240658
301628
445365
613831
434672
312248
574973
657071
808886
409938
454903
850504
344188
256552
187568
362215
195656
252141
328128
980999
840879
181985
53135
861991
421819
607996
549144
136799
705983
741405
862743
915146
992049
525863
485723
816383
496721
347523
963383
256211
741652
899195
539527
87223
804631
608939
671008
466732
683420
972520
347088
976870
280741
489129
145684
820821
243060
584580
969586
198266
939194
234185
683882
259506
192650
37168
590005
461419
518764
694005
952562
595577
410003
227208
981578
743191
947650
705003
876586
651789
615324
836357
828377
99263
329351
341159
938436
754768
706426
277914
132695
571367
926941
168209
824263
940991
703279
854851
827661
638308
701723
632735
899996
617669
700029
587204
926529
645547
832453
832311
99910
79283
291238
498378
483797
65714
761880
969695
995670
377184
234262
921009
289078
431170
942560
864826
165537
685696
813606
799929
479758
969545
8384
592546
90580
968614
680344
886533
286286
662693
57253
642631
702159
261152
3318
848721
542080
522105
853434
401071
811312
553087
331540
589946
33816
622380
541477
781195
788541
718812
692437
743687
310364
387218
403938
222487
518064
597143
331416
460027
582345
300272
682199
716081
502544
733657
435432
708145
573271
375746
288404
665289
1828
729052
752283
446533
366922
459909
991529
802679
988250
231455
860456
214007
391872
530539
615182
144517
914977
395866
381630
511713
301645
630584
477618
84074
404591
520489
834226
512412
249022
613633
620925
413921
513693
476648
300658
939252
948322
850110
811341
502458
159796
28480
744753
584610
879436
172690
344239
244264
352183
903171
618811
769405
515454
158396
729483
338454
908624
613841
951757
699900
542362
956123
280381
545580
519763
739512
511468
590986
84911
976275
129643
644554
189383
800157
418896
821108
988397
429302
574299
617472
688391
24180
411854
412997
364792
24540
49333
283156
992608
957841
104838
40527
915590
521902
813852
34365
332968
374150
855743
714588
133004
323217
426822
795115
554949
981023
590938
342356
865409
457336
36757
816272
659788
372700
348276
797924
61594
526654
135854
483887
81285
154535
616961
628585
468916
918572
702735
773224
338732
89085
489219
927353
596854
237869
986973
279845
996297
731145
408474
923951
587512
267649
153714
965204
906578
226298
870123
870405
30597
873332
641288
306584
334441
625468
289352
106697
960019
542861
192487
733528
446833
685410
627174
687695
881773
560663
474737
123901
20418
903416
694788
943160
27945
827441
605764
79339
310083
749721
616800
265007
978323
928004
780056
373635
802135
37217
893170
781743
583320
851177
817458
413134
48443
442878
963446
422348
742364
790298
932726
606831
659279
260664
357636
273246
664874
295098
232189
180319
411951
725422
838368
509917
701551
923266
328256
731662
992701
908634
526567
781322
192770
320500
830153
695439
201949
681135
617418
967828
976273
799916
222616
942847
976175
977045
472530
865178
17130
400313
880359
775309
544788
948381
490086
865083
228138
670987
749225
669568
238795
201834
478993
583022
819823
766190
571916
744619
603664
976665
142094
382286
835153
560792
803248
444346
294531
668209
297449
125101
39248
909871
734744
481566
291130
272457
424701
697872
755960
21246
287318
902766
707615
11849
483311
544414
905558
137376
462975
9365
496396
927865
885022
108055
525978
878924
321255
218482
784472
723731
444001
250776
153536
612040
195445
590847
48097
179669
51723
986817
597178
601780
420495
862686
760627
647472
490587
27109
547039
711049
398497
811957
646934
157873
198545
890504
66898
138079
740917
129023
916366
520774
597069
358916
438478
549309
630593
389485
48010
109916
903320
818918
323866
694976
555721
261944
786853
75329
448809
5616
279579
38575
16447
836869
162652
543666
863408
727554
