10861
23010
491
8822
12401
8213
8058
16149
16886
22295
18072
10697
20625
3327
18723
8896
8471
22364
22134
4798
23635
7145
16707
7651
9667
14199
16331
19240
7878
15611
2365
6800
8588
6873
13470
18072
11075
19108
11671
4922
18118
15835
1907
8538
19480
2080
18438
6417
4813
15880
19094
22983
119
1986
23182
19697
8597
18521
4887
6639
693
19927
13072
5426
10218
24225
8640
17449
1291
8521
2649
17519
8744
19574
23394
22607
5908
10601
22433
14734
11397
14147
5238
8458
7777
12035
5492
14722
8299
16149
13161
24050
13238
2764
17580
21365
10421
12363
2440
12631
1897
21878
10987
23496
7257
19695
14877
16410
9906
1467
14710
8042
23760
3170
7886
24365
20011
6308
3749
18794
48
18268
17645
2063
9213
16962
5162
13248
6114
12577
721
12730
7601
11351
13032
23695
23231
8630
9110
6297
11988
16564
8577
17038
20589
18063
12899
5305
3561
22852
7957
21217
19067
2354
9911
17436
1967
16354
2316
1139
21065
12561
23665
13822
8801
11179
20313
23320
22320
22045
6308
19513
18864
17127
7683
8064
1563
5932
5830
10025
7849
22552
9987
6543
15334
13201
11463
13567
5465
16660
24279
6965
19784
12408
15418
92
197
14969
20582
10847
19759
18230
17629
10594
3814
8668
19563
5791
10043
24185
3633
11606
16847
10988
5404
707
6312
23257
17441
1218
12481
15922
16852
18194
24596
576
24365
10301
3447
17778
19202
10913
22310
12288
13439
21588
14720
14933
15469
10967
21722
19724
9796
11266
11730
3013
15241
6308
10683
17432
3042
10581
10641
7354
898
21152
24329
778
14183
8497
7774
6300
19874
18820
23974
21774
24291
1967
18068
20337
2688
22652
1045
11326
1381
24821
16756
3829
23566
1104
22541
8556
6159
10784
9307
9560
16182
1879
18875
9486
15074
11479
18142
2178
23560
14915
5276
14324
10045
891
23503
24198
22612
10557
19902
117
19732
11235
24678
4620
21024
2805
337
17864
13
19663
14258
9924
14856
4744
5011
19180
21727
18012
4398
17635
22179
1110
17202
21112
16998
21990
11407
7244
15210
524
14225
20804
7957
11075
20099
19530
20887
14892
10401
1534
23775
16921
16379
17906
8925
18125
19601
7511
6939
12484
7919
9279
20854
2874
11966
16336
7323
2837
21214
13159
3955
15952
19473
22327
23958
5299
3191
15683
10827
21324
22427
1641
5057
24991
1295
15877
21316
21793
4972
12346
22227
17575
20351
15088
2575
20544
11521
14486
15148
5465
6258
9107
334
7363
3058
16282
10804
8972
21802
6603
2757
24191
24858
6195
7997
1701
20324
19404
24554
9057
19344
17408
10111
13096
20311
24862
6160
21064
1838
5929
5075
13002
1732
22401
13873
18188
21448
23843
4402
19786
21174
6168
21046
24974
24991
6780
2319
8213
14251
6388
24256
15897
6472
12341
8028
6978
21306
18856
16812
18455
18123
12808
21049
13652
15049
23580
14586
4485
11252
15515
17878
17917
23580
127
21657
16806
14435
4622
19279
14344
1616
8085
13094
19553
14775
2272
16569
4750
13627
8631
23658
23098
12192
11576
8333
24138
20948
14480
5546
23494
20184
8250
11551
24973
18180
1999
6138
4864
16015
1281
4764
3202
24962
35
23966
19078
5028
15900
7300
21972
16552
15948
1780
19222
7056
24113
6463
23096
23901
8150
8926
20161
3022
10845
3417
6311
477
19838
8246
11588
17636
19726
9484
24365
1985
4488
22207
11752
8486
22168
3157
12942
11904
4012
14370
11112
14776
6393
2915
16547
22344
13365
16176
9558
20914
18292
18214
19112
3940
9842
23773
21500
3463
23637
21267
12104
16034
23888
4644
21358
14895
23604
8496
1744
4998
4837
9232
16624
16155
16590
19562
8621
8723
5254
12466
4802
1091
7092
9634
2732
10413
7347
23656
18351
4801
3378
2460
7544
18372
24696
4115
565
13680
14580
7958
6994
9156
21737
19252
12207
2283
22850
10471
19842
17119
8955
7107
21777
11754
14901
19404
4128
21721
22130
16165
15747
6624
1236
10729
17356
13587
1507
21385
18924
9230
5586
6835
15160
6440
21685
358
5774
2926
12531
3803
17042
23120
11020
2840
18925
22286
848
20481
1831
21799
20547
19820
3146
23164
14252
11623
12294
3336
122
20327
5425
2688
8845
19363
24066
15855
4338
3963
15681
7545
3203
21552
19218
16391
16731
18263
7404
2725
18547
17317
4392
19049
4331
13520
7636
13240
12539
714
2424
21998
12516
21265
24911
16283
4013
20161
913
7903
11428
11052
7092
5677
4643
4194
6843
10517
13467
20776
11171
3709
24995
11527
6864
8888
3781
10998
21930
21975
15910
7515
9106
21535
5618
17043
6328
11375
10614
13049
1791
22389
5762
8278
18596
3294
23649
21658
20806
9934
20038
19852
20156
19159
16052
308
18571
12715
13109
4126
8917
22120
22965
13708
2162
15189
7870
7190
10254
22350
4155
13813
14603
4072
17894
18235
4829
16641
3561
1500
19814
14527
22420
21555
1130
24255
2931
9383
4786
9100
1109
20655
2259
11337
9670
1652
17394
16509
23200
17984
14390
22043
15699
635
18130
17362
2367
18948
12242
11657
2714
20504
6748
21701
20222
14947
20684
1373
23516
3017
14572
6772
12904
3371
20126
20499
22201
8901
5841
24577
17448
24144
24309
14139
24608
8700
7716
19345
19290
13022
23348
15325
2944
17289
7490
8771
4656
6001
10858
5004
6629
13687
22891
496
19832
5334
11755
18135
5066
19648
12609
3598
5178
5744
9735
15157
7536
6707
5892
1154
9803
11482
2747
8861
2904
21795
12856
4696
8772
7164
22959
8162
20922
14279
16667
2052
20706
19209
12875
7452
12396
18144
24200
1764
19633
4623
21526
21436
23208
20926
15244
8387
549
24229
23071
18968
5389
19853
22998
24139
16604
20394
3717
13051
15932
14205
15478
22278
2452
23254
6257
18849
2433
12943
11193
13863
24090
17576
7019
15024
13263
7717
14583
5544
8408
8313
24868
14676
12564
17926
20956
22264
18079
21956
13325
11671
11780
5313
24633
16103
19522
4432
22116
23245
18590
6696
24299
7164
2075
8192
14365
3859
2999
20632
9674
24061
2353
6809
467
21288
10551
16384
21407
6262
13906
9411
17300
8836
12494
22183
20360
2304
24387
13611
21261
1683
3847
12207
6190
18577
23791
16156
14065
21902
3020
5146
2933
9091
16739
24197
18017
12907
20476
9055
16159
24069
17805
185
8272
8226
9036
23053
7738
5317
18301
15523
19797
8000
16944
3610
373
16164
14287
18775
13099
4647
2864
19826
16122
21549
24444
9121
9328
7599
4370
1200
202
12204
15262
15100
11171
2166
5897
19998
21597
211
5852
16381
23950
18223
1266
7376
15679
11139
24225
24899
20821
12720
727
303
9727
15178
11051
10549
14540
14140
5667
23302
4400
1774
12660
9611
95
1433
23587
8086
21154
6289
14
4443
9932
12682
6806
8317
11807
24624
24402
5623
16720
18900
23406
23450
7185
21599
1403
11550
1351
20730
9252
24747
9564
22286
5028
1285
16813
18985
6614
9899
20114
13212
7874
7665
25000
20814
7114
1219
5761
21493
3900
11682
8234
11071
11124
22401
6467
11849
7182
13056
13440
5663
1401
14427
16131
5317
9887
4865
141
932
12033
18639
14479
22645
11462
2802
9424
6058
13738
7644
24921
21003
6648
21756
17466
24352
8289
13359
1719
10174
20309
2887
18727
24117
15880
23556
22247
345
13725
19015
23916
17704
21970
4191
3659
6714
8094
3100
18602
4403
7172
8631
7895
21059
19806
5746
4046
13218
10996
769
16988
1243
9981
6029
15246
17595
17054
2373
10589
8509
10761
10601
3087
8265
21380
20836
21144
12127
18885
2462
16717
18174
10736
13533
11607
4732
23203
6251
16713
11967
259
10647
3250
17807
1258
1857
21627
20287
13956
23763
13692
13667
14872
16252
8318
24923
18631
24152
3311
3952
2326
16623
22235
19631
24382
8567
12576
23292
18395
22528
22869
17254
6379
3607
20607
9997
8379
4456
13398
8465
9297
1886
6772
13035
15751
22951
6439
8206
9289
15662
18358
22636
6067
5867
13176
3085
2418
10021
12711
10639
4365
4259
9368
16260
12474
2536
2176
22638
1390
13047
7208
20175
15682
4449
20477
16335
15643
8918
19810
5340
1407
8739
16912
16380
11703
21090
10940
18676
9736
16889
9524
21351
15077
11725
5253
14932
10485
23926
15364
24535
22432
600
21523
17683
13372
1876
4318
14913
11215
23280
21594
5072
14962
23280
5800
12064
9069
20775
3432
19516
3941
6741
10181
9465
2773
17472
7751
13567
21442
2093
2731
7845
14764
15706
18796
16660
1056
5768
1527
4406
11065
18714
20676
474
24142
17693
9320
15946
6255
10532
11634
24350
5589
15372
23260
8286
14392
13455
23331
20312
1582
2272
19691
21586
14578
11631
4924
12348
2062
8119
21835
4772
2056
14809
22672
12474
9926
7246
5317
11846
22174
10713
18614
22115
2241
20311
3699
24168
11389
13760
23895
12937
22587
11727
15835
13273
19037
3377
2532
21676
24874
9425
9849
4732
9058
22318
21590
1647
1863
12050
7080
14637
10100
19524
13847
11717
22542
10024
8732
17667
18751
21355
11031
2202
24234
10875
20652
19196
21316
12503
21312
15857
23980
11774
10159
10324
17970
4120
18081
12469
12541
16238
6632
19324
5174
19528
19129
22575
7447
21074
12895
2885
14486
19865
1536
13440
14882
21281
11646
18952
13724
13576
17394
17056
7584
13284
8333
5297
7481
22855
18840
12541
3258
2956
12973
17959
7273
4632
2766
402
17571
12038
24467
14758
11519
6590
878
14996
4553
23810
22442
21640
5864
23164
3995
20830
24018
24817
17993
13081
18253
9523
20570
21589
10874
21171
13711
8455
18060
2546
7578
8927
4338
6743
12719
720
106
549
19329
23141
14215
4170
11959
18758
22113
2281
4190
11284
23575
21014
13530
11533
21584
3011
4553
2480
9826
3216
16526
1100
4822
4195
21835
22642
16698
6743
13692
21565
16473
3244
5116
13138
2100
19149
20010
7150
10025
2551
16056
1754
1874
7475
14159
11822
22110
13879
6225
11035
9922
7353
17623
17989
23066
11395
7126
23594
17419
24371
16274
18966
3948
22250
6431
22683
15825
14257
24379
6872
11532
12196
7544
10807
14981
1347
15712
2962
24311
23185
11369
2864
6129
7498
13017
24074
13949
969
7545
17959
21359
11250
12394
20802
13779
13697
14568
9868
14579
14101
6335
20224
5485
10811
6591
16706
14991
16264
16084
2534
15099
15292
4208
9793
9545
24650
11281
22361
12903
3468
7491
24193
21815
13081
7175
19190
905
2987
21226
10602
23535
24035
12000
6421
17932
16888
24122
22786
13177
11845
17128
22259
12594
24292
9998
21494
9491
1566
15063
4431
20845
12099
14002
9954
14482
15413
7017
5841
24262
21404
749
4892
23915
16860
5676
21971
13487
2545
22408
10125
16361
9257
9109
2486
24560
7327
3107
21513
6619
18063
21569
20345
1623
3951
8841
7325
1105
4279
23019
237
14484
20988
3365
7593
13157
6324
17841
23354
21189
23421
6748
7737
3832
22121
6948
2321
3864
21577
7536
15513
19431
13157
19538
16652
20334
14465
17211
3844
20307
14149
15730
18814
22995
3355
13447
12209
4180
16176
5610
6761
22135
21503
24551
1235
3783
10405
9627
17286
2084
4883
19662
1548
5103
16597
8274
21110
23505
1503
14264
4390
22504
19573
13034
9867
9959
12492
5510
14415
22608
19903
17074
6634
11463
16676
22838
2259
768
17410
3676
12461
10628
18195
19034
2028
14954
3637
10389
19875
6811
15158
2215
3712
4405
6627
6431
3413
22078
18221
22387
21032
1842
18936
8943
8056
18150
16389
12024
17848
14490
2871
10721
4921
11859
11818
3686
14007
10963
16397
6238
5295
4413
17671
23383
9379
23085
24226
403
13122
7099
7032
21596
14577
20811
5003
20823
23111
21234
11484
11834
16002
15655
9076
16335
23972
3233
12805
5488
11660
13976
3091
11967
18390
10045
4677
16219
4702
17711
5425
8204
8436
1741
8031
19614
11420
13455
1919
441
24359
19155
3834
5281
1990
23465
11920
15561
2807
24681
24815
19700
5935
11942
13609
10489
21921
13608
1550
6744
1976
17550
14496
5694
5923
16064
3469
18102
24909
9010
15738
21666
7235
19754
18624
4590
8902
13142
23533
24498
17715
4103
22385
6549
16553
17434
5486
1394
11108
18757
9463
18022
1557
17956
8349
13830
7609
17635
12698
7049
24020
15128
17005
14577
15503
4124
16748
20196
7350
17670
1270
4618
22973
22523
8767
4801
9302
16131
10686
13827
2147
7845
15865
7155
1782
5506
16885
13190
22118
19538
21747
11134
20426
14804
23206
11835
22889
12621
11932
9591
4390
24482
12278
5192
21068
695
1593
16616
75
14126
13324
9814
10638
22600
5549
14271
11982
22907
15077
19707
12834
16852
14590
13382
984
14419
268
8208
18890
22580
9296
9649
305
2556
13353
13883
8217
13354
1329
14129
10932
17375
19964
14666
19205
9046
12251
24397
19088
4909
3364
23615
7778
9561
18012
16324
22807
1262
7940
23109
8432
235
9937
14628
19187
20943
22020
13367
15383
14300
10755
12685
19635
10908
23697
3311
18332
20117
8206
6849
19965
5320
23762
6835
3211
4729
19763
13578
14624
13735
22418
9829
4315
9420
10401
8662
21995
10783
20026
9990
16999
8267
1013
8140
20537
24780
22934
12497
3030
13369
24867
9831
6675
3530
11210
13463
798
6868
20700
7354
20169
3498
4518
721
4542
19898
20270
12392
7098
16761
13117
3760
22699
8267
2044
18149
16059
6364
11598
20553
6705
8727
10939
11629
23752
17200
17265
15567
16503
8683
14236
10043
18090
10793
11760
11461
9537
9046
20771
9704
6844
14907
14236
14017
3389
24778
11330
7508
17084
8893
22326
20341
18136
18160
11266
1131
20500
15394
19530
16203
17067
12214
24084
1835
19072
11146
14757
8761
16193
11213
16425
17870
23804
21350
7225
20266
18498
15781
24071
11258
1322
13575
24736
7023
9344
4243
2049
6659
10854
1077
23852
11560
19609
1286
2962
16427
17251
5421
21180
24365
13420
17238
11084
24328
24344
5638
16779
4714
8640
4419
24660
6341
12775
1100
553
21102
16433
12034
15159
10417
20
21241
12575
6891
20618
15984
12791
22650
15417
9839
24077
6114
21458
16919
11749
4039
13691
9343
23838
7041
6360
15624
23044
6991
23088
15112
13553
3256
12351
14753
19884
21798
13342
11843
9371
8312
4548
9658
16292
24875
7728
6279
21656
17313
878
19827
743
24014
23721
18236
2793
4673
5039
2230
21335
6269
10929
16981
14797
24299
19565
14036
21248
18751
13188
12952
22146
16876
9491
7501
2831
5027
7941
7370
6218
2689
22737
7120
15392
7406
12784
22650
18519
8904
20838
15531
7966
9433
19515
5006
11311
4607
100
108
3298
22995
14631
7587
24750
22995
7165
15741
7288
6438
23994
22561
14430
21684
4307
11573
20087
10540
9532
11658
18984
8029
18332
15059
14967
21774
6911
1723
23311
2865
5227
14490
2897
18043
10151
8774
11157
13409
1682
20536
15997
23529
18349
10769
4974
3831
16397
6139
21369
12876
24628
8492
12233
16327
15882
23386
6614
14347
15713
11827
21029
18281
195
17672
24956
11369
4206
22885
9997
15487
713
9992
1811
14982
20206
543
10413
10243
23784
5784
19511
1464
17704
19755
22023
1737
8217
16578
21825
15682
19894
22365
11872
22548
2291
1596
23033
12648
2666
66
10919
7422
8478
2636
23065
6607
9543
13407
18943
10598
5827
24066
19103
12978
3631
12780
19199
1167
2499
3090
9975
23397
11614
18566
395
4547
6365
160
156
391
12997
8996
21200
13858
23805
14944
24047
14234
15390
18766
9149
1939
12363
24080
5132
14824
15668
3481
19204
1494
3272
22700
10325
14235
10019
24434
20147
14985
20968
24517
7090
14546
13408
14421
4882
23970
16406
7018
3406
1379
13043
15357
24076
19059
