400
247
117
115
152
80
233
162
219
184
304
469
344
211
163
132
228
334
210
19
189
452
130
377
368
251
271
300
287
101
161
252
189
49
459
132
195
125
208
251
110
388
393
239
86
466
7
427
273
397
375
436
211
229
495
262
464
252
410
125
23
490
292
137
103
384
17
327
243
490
10
10
335
323
273
110
432
44
42
313
274
464
500
302
171
390
34
17
103
384
235
146
214
497
172
233
208
109
136
190
276
439
475
19
272
311
370
290
252
184
72
320
484
269
407
490
232
154
134
160
315
115
284
302
463
417
181
171
304
421
283
57
91
371
432
3
135
265
69
474
407
440
478
139
419
17
322
71
492
112
327
414
64
32
104
369
263
256
324
48
173
48
403
498
323
387
135
205
233
300
482
470
424
156
480
52
286
112
173
124
215
343
398
411
459
42
237
252
349
189
20
204
253
360
431
321
282
128
118
447
447
13
327
208
47
221
468
469
30
171
95
33
487
271
447
283
498
32
369
40
115
390
191
266
371
334
136
360
322
146
498
235
113
398
248
339
76
163
127
341
493
67
196
377
288
34
77
443
66
183
215
149
346
482
180
429
137
289
499
46
355
424
407
327
377
327
488
201
89
303
118
287
83
96
7
352
185
321
475
438
297
426
371
14
336
265
51
102
300
270
332
246
89
421
224
281
119
388
195
238
311
267
134
82
413
12
411
167
118
309
377
424
85
53
75
178
377
195
324
123
107
364
55
307
6
229
254
270
410
161
183
12
391
310
314
190
376
370
120
423
374
307
391
18
405
223
25
25
146
285
385
486
399
10
55
381
354
79
452
281
499
115
324
76
292
372
221
406
419
441
186
293
186
93
113
311
486
44
429
361
262
417
121
494
495
342
57
37
286
491
63
304
267
310
401
494
458
448
176
172
432
55
83
486
27
320
20
372
301
189
125
455
296
108
5
207
410
263
441
396
245
103
477
1
158
496
216
209
56
330
252
131
129
23
457
310
419
355
327
296
229
160
466
252
102
119
3
273
137
284
235
412
448
260
312
202
225
306
84
125
430
480
291
412
230
496
465
248
409
146
9
120
183
234
106
65
109
442
96
49
308
173
39
367
30
273
173
273
176
206
35
338
2
87
151
279
261
316
368
44
