2384
1725
1799
1098
1398
881
299
2140
1341
1905
567
92
675
2139
18
1721
2475
2128
640
1906
1206
125
554
814
547
1832
816
145
866
1996
1878
1820
2446
414
1989
1989
468
1481
2105
22
2439
1587
367
408
1111
188
1049
1353
210
482
2286
845
950
1936
1435
1980
1376
432
660
2095
2144
143
2067
2280
2188
1204
1646
2066
2167
2232
1286
2269
1097
492
10
15
500
956
1949
243
1866
609
216
1906
1529
138
1547
358
1989
1141
825
1484
2458
1711
2387
201
2364
1609
758
14
1709
209
171
1971
2034
1407
137
2155
1479
2068
1563
682
170
2105
2009
1154
977
648
131
1250
2390
899
786
1708
474
235
227
1856
876
511
61
1231
700
2267
426
1215
831
2109
1210
1990
815
456
1149
1224
867
816
2147
317
1904
256
1839
656
984
2114
443
839
101
1361
1032
2174
127
778
335
2060
592
1810
2027
770
1887
1267
1170
1582
2276
2113
2321
152
1646
1375
503
2362
156
2278
1087
1418
1604
476
351
1455
1076
2450
2112
371
528
801
1775
902
906
1702
436
1044
2095
88
2281
477
944
1312
286
44
357
2068
1852
99
306
1374
31
1387
985
949
1836
2407
880
1172
474
2367
602
2153
545
1367
976
1883
2183
2474
1731
2025
756
1309
267
1021
1581
2043
1612
1923
359
1055
1371
875
791
1089
1681
1028
163
1255
2397
2498
589
2376
423
882
1349
546
195
1122
2412
401
948
1202
1421
1168
232
2250
1735
528
674
1732
1037
1106
1119
382
2071
380
1994
1564
1667
1614
663
1147
1795
434
1446
17
1705
2423
343
2140
797
486
2471
2151
726
2458
32
2145
2230
308
945
662
1399
2172
158
915
1467
1770
1839
160
1240
2074
1610
551
271
2251
832
1090
1360
306
1930
794
1180
423
849
110
854
1677
2403
2180
1983
2167
728
2195
2256
2088
2058
689
199
1139
900
2486
80
1382
1060
2115
1555
1391
1875
2348
924
1431
5
1135
1957
2071
2257
2123
63
962
1788
536
1786
929
1626
23
562
860
502
211
2400
2248
1681
2183
2225
475
1870
592
695
1563
2481
1651
1584
1156
1642
1166
569
2306
715
1024
1131
1356
299
2200
44
389
1510
815
2
2015
19
1717
787
1785
1482
2496
2054
1549
831
1691
1536
683
1202
1136
456
2435
649
1272
1867
1826
1953
1200
515
875
1607
2090
1903
928
154
342
1904
1987
1061
2219
1104
855
343
2261
813
2154
2314
2481
386
2347
635
1787
967
1316
2042
813
1662
2366
202
538
1899
820
1062
306
1495
609
578
515
1391
763
1201
706
1069
1244
1625
1734
2417
260
245
1407
1184
398
1339
1637
1671
1117
601
1688
1559
2217
1696
1300
39
1611
644
2306
721
1476
482
324
2070
1982
103
2032
817
2297
1764
1016
1546
773
1528
449
1451
763
2430
45
1231
1347
1126
462
56
1079
1413
2350
1947
179
1152
1610
752
1973
227
972
1292
2239
734
1602
520
2298
967
516
1113
1188
2436
428
870
495
7
1706
1929
2227
1911
2113
2013
22
1119
1047
932
2205
2400
931
1169
709
866
1552
157
1094
352
73
1181
2085
413
848
2319
375
2241
1007
2254
2304
2003
1325
1366
1946
1668
855
1318
1800
2244
1829
668
2291
57
1706
1556
645
2297
215
2465
466
991
2299
320
266
1581
351
2322
1272
134
857
605
93
409
1550
2269
1888
932
2235
220
1568
1921
1897
1410
819
1387
2339
1216
1807
2125
1655
1853
2037
1163
14
1644
2370
457
293
2310
302
358
1410
1347
1284
1078
200
2028
1974
495
2482
1534
731
1741
1295
1745
631
2074
684
1869
259
32
1704
2456
1457
222
1892
1416
1953
1174
2281
36
1387
335
1261
1918
2139
821
2333
906
1732
1476
1765
1932
1939
604
1820
1703
1166
2267
1469
505
1947
1811
1170
704
1023
396
2051
949
2468
1215
836
1408
1383
1419
1921
12
38
984
104
201
1236
521
2368
985
2367
1274
1362
2291
1676
2058
1785
923
2105
1272
1346
2026
529
1664
759
2018
1358
960
872
912
1742
972
99
234
2384
156
2334
1455
1137
631
1950
882
510
358
1444
1789
1740
1718
1914
1061
282
1853
1878
2363
79
1549
1372
789
1368
2243
1130
506
351
469
1486
400
571
215
1477
1668
659
399
1640
1188
2161
53
2113
1851
1066
602
1374
1908
1438
2460
465
702
340
1503
1072
1674
2098
114
1012
444
1261
1463
1055
2408
1450
722
1457
1989
93
10
695
1134
70
788
1832
1358
125
891
354
1957
541
993
320
262
250
2134
2193
302
2008
384
2110
88
445
1657
1522
1890
453
1547
709
1806
262
1271
2447
503
2235
622
419
1984
2193
1110
1272
1653
1752
986
2387
406
2096
2370
1586
113
1156
1630
1859
1811
1457
1614
2370
2413
376
2221
24
631
2097
748
1468
1727
1776
2327
1847
1688
2373
1519
781
152
1888
95
1228
683
727
983
1233
1985
202
2040
2017
2215
92
2370
1999
1179
1335
1285
471
1032
1565
1144
1322
808
715
1738
2184
2128
494
2155
2208
1955
334
2192
1009
385
499
2293
810
137
1894
978
1799
806
305
1928
1305
795
1418
531
1372
1937
1790
1149
1135
372
322
1630
1664
1618
2460
2222
248
599
87
433
2357
2359
505
2070
131
276
1811
1462
2455
440
1368
964
1144
1720
2031
898
1740
533
198
407
199
854
766
2415
857
1085
2249
1564
1871
1193
1811
1830
1305
97
392
1295
1931
1290
1835
950
1906
2081
1418
2069
1477
1231
646
2258
2215
2166
2397
864
1964
142
1885
167
1982
2295
1624
2454
1399
1677
2371
1618
1013
1833
1005
1399
1856
89
1951
1077
11
1990
199
2067
2297
2232
745
737
485
799
2400
1204
555
2262
564
882
607
1555
1777
2305
2309
1227
1144
45
630
28
807
1947
966
1167
295
1252
714
283
1737
1669
1843
853
1698
453
2020
103
761
2086
1011
2490
1387
483
708
44
723
1930
1621
18
329
736
1940
2423
656
2420
933
2478
1196
1210
1803
1025
1396
2200
1103
877
1274
1513
839
2343
1411
716
1897
1898
840
1317
1427
2207
1578
460
1586
1730
1773
1260
1727
1390
2232
1890
1846
1442
334
647
1823
1418
650
1571
279
1503
1023
669
1238
437
154
501
778
1120
34
1525
2346
450
2378
2488
2496
798
1428
518
460
2352
2265
77
2329
324
197
278
873
263
1881
842
2112
904
621
1997
211
1976
223
357
1349
832
2487
1578
895
1744
2361
1307
2243
1251
139
1363
1252
1017
869
1294
829
946
932
143
1747
1304
2129
2368
1207
659
1850
1329
1625
838
985
1604
814
1850
1231
1588
795
131
474
1190
1883
313
1630
104
1921
1808
982
1474
2215
930
2385
814
1093
2262
1423
121
764
269
2053
433
438
2097
1696
1764
1485
1575
1032
1774
1676
1071
1404
178
1282
1215
311
187
457
1682
1520
53
1957
410
1746
525
2136
1295
2193
1720
1156
2268
1771
381
1802
847
738
1815
2144
2370
1084
427
1298
85
883
1621
2112
425
547
323
408
1280
307
1880
1039
1766
456
1782
1077
1409
2083
381
317
1013
1578
587
347
91
672
1757
1363
1810
312
1580
1707
2453
2227
1451
1131
2290
2036
2412
2248
2366
1140
364
1300
1678
2079
1897
922
908
1598
777
503
189
2198
852
1339
63
840
754
347
1797
680
1952
439
681
805
1880
2310
1328
2247
1982
1653
944
1249
1628
2080
476
1222
347
807
1166
675
2196
2438
1808
672
2239
1914
529
813
1062
1855
2010
1067
2424
1839
2344
1445
1550
654
1660
2015
2001
674
1826
1989
1415
760
275
1597
2059
1493
2157
1490
311
1397
693
1048
1026
1594
1888
831
1661
1483
1184
2195
1691
1245
2110
546
647
285
868
779
2171
1748
519
318
2050
2136
1881
1698
613
1803
799
470
1997
1488
283
648
1568
822
81
1559
1514
2429
2361
1855
2005
1484
1537
1256
19
2497
1904
1395
53
2002
1819
1641
1846
527
1707
409
1914
1902
203
672
1159
1959
1234
466
1723
2083
2367
1006
1804
980
252
1956
827
216
2459
970
442
1458
1368
2439
1357
941
2202
184
2028
29
1829
908
818
1625
430
2281
2295
1888
1853
1709
1253
2084
2434
1515
333
1320
195
163
183
1104
1919
1025
1822
178
604
28
2380
1214
1443
329
197
221
1834
2189
2309
766
2452
105
2283
1908
996
1612
316
2488
1297
2187
1154
2083
760
79
1413
2411
2439
1098
283
1741
2012
1536
505
1369
2165
1630
2390
988
1660
84
1313
87
1701
1385
2453
1328
619
1709
1102
1423
774
1811
1816
1720
1073
1141
810
1665
402
585
1456
1712
2482
2431
1065
2412
2428
364
1307
307
135
1567
1222
235
1057
40
1651
2241
2450
1484
768
1713
952
2225
2204
962
1735
1640
1588
50
1234
66
2268
686
790
774
959
1044
2148
1804
1033
809
497
872
771
1983
793
1423
1173
996
1975
1736
2162
401
2388
721
1679
948
1163
743
2457
220
2074
1315
1307
2339
779
32
50
970
43
404
1969
1061
1838
600
34
271
555
1635
316
1026
779
1550
730
1836
26
2479
34
77
1566
2396
203
2341
475
1107
2272
973
690
2268
2264
498
754
1179
1426
725
519
139
458
1515
1302
416
977
783
1654
2047
2126
1217
363
395
2193
700
1065
299
2344
10
1878
1031
897
1228
97
1673
1206
1839
754
1377
706
779
1033
1653
841
1080
2261
2192
956
425
573
2432
542
779
1384
1514
1049
506
828
268
2485
2150
2063
468
364
1474
157
658
677
2135
1539
755
1916
1654
938
1236
2
854
1866
755
1946
2406
1708
1886
131
2160
2004
149
193
1344
2433
803
1140
909
1741
536
670
431
427
619
1574
1537
2136
86
1283
2263
1585
473
1623
851
688
16
690
458
1062
701
2316
350
1819
1180
1821
218
2255
1212
1033
919
1563
1493
439
1369
739
23
242
1101
1173
1212
748
2273
1939
747
339
1894
500
326
1121
1218
342
960
2121
19
406
443
431
1730
104
441
1575
544
2352
1211
1377
778
1989
1507
687
2362
2448
1042
1736
123
1493
1346
1590
180
800
980
641
930
912
839
678
1949
1370
1925
2104
368
1115
250
490
1866
1092
65
2196
864
641
1365
64
935
947
269
702
28
1511
1668
555
1455
2335
1443
736
2385
2321
794
1723
1818
1587
1264
733
777
948
1281
1736
301
185
1742
545
1849
678
571
887
243
594
537
316
971
2305
933
1843
1958
763
163
1334
619
1249
1045
2410
1034
1598
1375
390
687
197
1649
196
1952
980
789
88
345
1171
883
1841
1902
688
1185
56
1146
2230
1704
2284
918
178
1722
1834
2426
431
1045
1172
1672
1203
1910
1503
1037
109
270
512
105
1312
1935
1982
482
2497
1435
2067
1485
194
1514
1501
182
1077
804
1956
1672
2458
892
1697
1514
1755
366
917
738
1400
1132
2016
508
7
783
60
1023
1386
216
327
1017
1334
1121
41
983
15
23
728
2101
1579
2069
1646
1075
1351
91
2279
976
1875
1829
22
2374
95
668
101
351
718
639
15
1099
1769
587
1461
1715
1656
2097
677
643
161
2214
1763
2251
1094
534
930
2215
1146
1075
1774
1405
2205
1575
191
2298
455
512
504
2059
1098
1595
172
593
2187
1968
2063
1229
1613
977
1250
1965
623
1167
706
1857
1123
1754
1590
898
1588
1005
635
2167
2056
127
1009
793
2206
199
263
1196
209
343
2137
1927
386
1540
1964
1194
563
1195
634
1934
1955
2215
1895
1350
1053
2494
1834
31
1248
542
2075
1020
579
992
2376
172
1700
1971
1061
1659
1251
358
1031
2126
57
2401
1754
1050
2137
722
920
2428
1329
757
1608
1391
359
1516
1467
2085
586
1864
1162
2324
2218
1069
714
1506
2202
474
448
987
1265
1681
1830
1852
2315
1874
1561
647
105
1242
1036
761
499
610
1197
16
2016
1191
771
344
1147
1888
986
413
972
1686
1026
2263
1253
1001
2434
1862
223
1976
127
645
1490
2221
287
888
153
2212
822
2438
316
1639
379
2085
2085
1042
955
541
905
572
1681
496
2491
2084
1029
1734
1244
1296
131
1785
1368
1577
2425
1861
859
2216
2233
1622
2266
297
2320
2268
1191
1106
1591
1907
456
2028
1481
1947
2336
1589
1962
1985
503
32
1770
1582
2027
492
980
1811
82
1892
647
468
1507
525
1297
113
281
1887
227
2030
2128
2084
2384
2184
873
980
1783
2104
216
19
2046
2305
665
421
647
1256
1347
1599
1246
934
2384
316
486
1143
2073
1862
229
343
1147
1281
434
1185
2269
2204
687
645
620
853
1597
693
2364
897
1399
509
2207
1052
1744
776
1481
535
411
1449
1062
2251
1681
271
1437
1703
245
2128
767
468
1073
854
1809
2401
793
1023
181
1478
547
2252
2467
1087
284
1803
137
1917
989
172
1706
402
2161
1427
519
1022
1850
2057
853
718
1034
1456
1773
1988
2486
388
188
860
2415
1663
2230
2428
501
2062
1072
1440
1893
2214
1880
1498
464
235
1124
1860
1086
941
1899
167
790
1118
557
2043
2299
113
486
855
2054
2269
399
505
1001
578
1729
14
478
2210
784
2327
2370
2376
611
1827
1512
1423
1970
1736
952
48
1732
971
1526
688
657
1750
67
1981
1426
836
748
1612
554
1269
1029
2100
1810
1896
328
222
488
324
917
1186
801
2349
1793
1698
1068
561
1543
2221
892
1048
1193
2445
894
1361
2153
2369
1042
1093
2335
205
129
540
684
1670
1414
115
2129
121
189
774
2275
225
840
1568
1311
1910
1645
472
101
424
2266
2299
2089
1760
990
1066
1113
2332
1171
57
329
1868
416
1808
731
213
1900
1843
690
235
224
2491
2062
1293
167
2052
1735
2166
2296
2345
929
713
2259
700
695
2333
2416
867
2368
2476
1692
1798
1071
2440
931
843
2467
2313
1487
1384
2119
420
1271
1007
1472
1190
1897
1345
171
2008
1042
1405
