250965
26143
293802
46235
97046
244584
374642
117237
23205
30090
148999
50247
339949
64739
74529
242466
441963
200460
328685
422221
147982
117006
285754
496515
2894
250241
120582
496999
98434
4844
303992
299754
200052
212439
355467
133936
169234
452418
142011
90446
433309
398758
10372
271613
275766
269392
66256
148483
93710
437561
34023
166045
38611
99056
88633
71483
11597
148573
283113
45294
92160
199505
23283
489652
154621
188690
106163
62323
321042
474304
178633
214239
153070
274626
120409
235353
61606
215216
156662
122340
7970
281945
220249
122389
362842
139848
263321
87726
141065
143213
335031
766
57141
265742
449491
134581
284912
146946
233628
6548
285722
52109
469168
421849
104727
410324
247957
349345
462329
106296
433858
417199
477274
492799
369338
483831
352185
102567
12902
359251
337382
438096
91949
117157
124059
494387
432085
286960
398440
167301
144922
250011
47835
18020
386635
7133
97951
291230
49449
453968
67890
216092
447770
64579
254180
7510
45651
481260
275694
348941
115600
69803
405743
449106
304741
426040
20763
164684
242133
424585
35945
448994
350048
272648
50853
280792
332826
227703
241161
125013
407523
208174
449914
328746
295117
485008
145283
9838
98189
44350
142095
108320
190991
241138
170429
428853
255149
316009
420640
487465
236184
191841
335384
365884
126838
222259
263627
224124
128207
64830
464160
382853
448704
476569
47487
352623
105271
274718
372415
137072
465883
386398
413837
238216
331720
341430
23484
118619
35381
369675
58166
48124
30581
68901
449096
485134
469038
140128
132983
497447
369686
129670
70876
383121
204767
303598
387579
316019
434590
230921
182366
426944
256092
438457
164607
218781
357495
435856
25614
109833
283674
493897
15217
356074
367091
113909
33259
25914
88370
105664
381483
189335
125380
496944
368156
55790
446979
351310
186642
283965
432890
157952
54905
212633
450378
42857
337367
288725
288534
227579
330626
56958
328862
139244
405371
37951
342026
55363
297934
87464
197317
42690
43390
200937
397895
393589
457575
498349
272151
319075
75654
390842
462141
141285
75212
200853
289502
209945
37394
81857
478534
454629
170887
2896
272975
98116
290592
74814
147865
136942
478456
70929
38169
230549
78470
445576
174134
340138
270746
401358
74976
410055
324551
146044
126057
116035
455770
240654
461414
320143
473401
1527
107568
269339
157497
155356
352563
250846
386379
173236
132850
63414
417691
212800
280686
109353
146895
448120
249863
77762
397918
73880
459035
86242
260403
188540
320444
159466
338015
311731
452889
361406
311763
141329
393237
92272
375371
343969
77415
193055
437350
349219
108874
248840
73029
361599
4322
447295
173806
233607
110804
84360
93852
147096
126063
121133
313025
206088
49196
204144
110474
129940
158075
394902
452975
225792
487679
432232
32645
420279
176484
140108
280376
109516
5960
93008
143072
92595
281209
476955
396334
46070
343267
395451
10358
38739
332134
353608
10703
36724
142587
274542
308653
408121
337185
165708
117589
192295
489803
231385
478469
182317
110753
44828
101941
142115
475013
220555
439186
305792
191539
41565
461916
451140
308556
438115
288659
223602
354477
438160
495837
381875
249903
436672
159958
183035
448855
45403
34052
320620
185189
132036
126707
228116
89784
489280
458814
61392
19113
305497
240037
429096
194086
152966
386451
140475
11329
57098
112854
405454
108997
55228
489612
465445
371452
455572
496929
484319
238607
60067
