956734
268453
600757
234292
824656
553882
934586
770769
260435
567862
989325
114936
65299
412774
242326
489277
608056
551439
927022
121047
162763
728284
773497
674281
482276
449643
963337
490439
546393
83647
581191
165197
948762
46831
771740
494658
878954
69278
86795
974422
333106
687782
478300
948228
318514
465971
219984
371585
229401
137640
168668
303180
792611
998603
746279
41279
187488
503997
233804
740129
394963
597126
952496
310382
698342
258215
596371
906030
771677
679923
698328
519720
483682
151398
141989
635415
281949
786940
626123
81361
976299
455124
159887
548387
935931
454370
914840
892040
535281
139778
76332
145059
217279
661708
62117
844990
497383
87526
521275
485736
271196
103892
546582
912699
83805
969709
242588
888103
831758
316125
496373
216264
137243
519041
954106
832561
842758
139948
293420
99519
631216
311510
3760
491696
880009
58421
629766
313668
174979
665043
783302
911396
849578
900151
674413
239757
998321
445181
966743
969140
73677
962576
342886
738785
84726
790215
795642
135047
538113
541087
622575
524826
509214
949282
282470
536269
266109
677593
631768
490403
946088
842710
78664
436728
782590
548075
197714
162063
905375
100987
667047
174675
293799
134895
770988
48438
47284
19956
966057
171881
222733
36528
448445
698964
458098
550624
816181
6690
934680
35572
908159
205883
46276
714756
685706
834919
266563
604209
760562
843642
446635
402957
6289
695622
715279
413048
319637
719808
982022
852582
71960
217255
954289
979339
696960
765867
157108
225728
345925
953689
294980
619763
910854
771525
981224
812074
225601
590960
709235
936961
225536
246628
714418
806924
141141
743843
958317
922160
861351
738897
2701
554740
399095
382289
571007
413332
685332
9767
364923
820500
926059
169334
95098
758738
27540
130814
56342
971547
606734
740342
113747
438244
97193
480598
815601
892468
484138
378119
670182
184132
713795
267837
481297
381896
824823
230639
294724
171561
961155
972364
635084
97696
647996
572555
778293
861527
616136
917285
198648
283223
313851
664941
211595
408197
574946
346100
232714
542532
937088
771
32158
407982
856155
376780
983190
960595
592015
480110
911326
139819
90103
652477
373176
632091
848556
46554
763356
639964
52858
249230
831973
571485
961430
57201
449154
112175
822586
46163
37681
48335
351328
577749
772531
430618
969673
524627
409496
375392
355595
704606
180504
578665
620298
705034
506655
26633
368330
411738
782396
10111
704003
469876
291917
701680
425647
630071
603861
170154
585989
46897
182955
285283
527543
561002
456232
429235
812814
381891
585619
234691
651399
536950
581476
203726
57479
50291
435646
425727
882846
877544
114418
305404
249043
667951
475609
162064
981110
59933
829456
227120
701296
29481
274052
554864
475625
762381
434669
819289
680920
619222
802028
499507
485114
682239
808239
644307
857383
55528
327980
750049
291489
419590
488864
668766
327943
963757
578498
702868
527532
217392
105755
657932
871363
743697
17030
988527
525197
216174
711400
142065
824174
993029
233387
508181
523626
71307
624042
687118
193358
521464
438255
749678
669301
337512
563902
421233
273164
973691
69661
920050
381884
727059
119931
865680
277424
701536
381234
602189
803792
695050
386560
401685
173434
923051
905981
547843
216571
295667
794119
693411
783810
409525
501037
603440
809754
502620
511101
690278
74432
189835
624779
941916
745028
559131
135757
460759
590704
84395
99503
734268
838792
697366
978906
626201
954241
754797
510772
618911
638265
468760
823302
754208
406615
631650
501215
762988
137327
652338
837286
974847
963262
322238
906484
46177
447508
998260
538277
255284
935299
38561
654826
618143
974408
691811
858529
560187
758558
667051
807554
731088
750084
150172
562965
642452
573730
951291
720950
90089
985324
558328
847759
9028
515271
93349
908115
805694
133105
443036
242468
517771
570778
533680
966745
776890
625439
360688
379053
912343
742356
598178
112495
142688
545898
54491
628610
841538
674637
800799
4043
461521
383554
416310
19858
128607
40099
410230
281112
717820
206287
846361
694651
723081
984172
645108
99211
251609
432392
771071
360335
667936
787878
883612
860513
376555
975389
361744
517397
815342
150817
727095
461
725076
997361
914984
137903
409786
391215
631149
868142
88651
975617
234014
343906
275850
713816
885700
800418
528700
280761
734582
185377
645499
543885
778976
82411
167759
370145
19420
402266
118324
887430
98016
676409
967042
714848
663357
164655
787471
278904
488
504365
395030
278339
952253
747692
510379
191409
850616
887772
769837
800486
679193
731545
63109
265110
510498
789453
58595
281932
864767
500077
901093
31514
514140
158545
264365
223993
224401
216721
600365
615239
869070
142739
618178
732162
888262
904432
581940
646425
255180
314597
358761
88629
542366
904183
766077
1126
292994
631633
416666
705125
279062
262506
769682
594337
910749
308885
229450
809036
435536
294004
690629
183828
950350
26959
119146
43996
640050
922974
635227
487570
571285
693128
965674
688018
338851
96373
210955
237950
795468
310483
713171
631789
340488
582507
151474
151333
694568
970436
221886
472522
70590
930774
767574
71236
693089
624919
887252
81462
317380
484479
534783
657285
94990
519713
524373
109550
507136
863330
904298
512928
914830
415785
508477
103412
57962
396524
778268
541313
730368
144856
409828
29429
497542
713320
502628
745380
743544
693132
780357
110405
173026
418573
711118
583037
663240
438162
636963
654205
373140
176044
963682
771776
692888
41413
304935
565409
850811
17746
309595
801095
620160
359086
748751
335599
991502
877264
798621
375218
549425
596083
258865
814276
129692
580380
377033
589662
736885
798743
50553
322368
330197
266778
194571
55588
800817
424513
723938
689623
46891
524412
361418
714597
669824
889297
798433
324121
398943
157787
222231
871907
62613
908116
166015
123138
924254
203407
844868
491660
444580
735752
285329
646538
269248
801573
747867
84460
899677
455903
769779
407655
502501
187584
821304
419700
596836
549318
975160
627557
115376
233961
460068
158817
217303
489690
199199
80571
705696
870923
401957
451490
733089
297636
432248
328314
240897
399058
484521
829260
120602
316630
512327
815926
182118
559786
166728
492614
923343
423565
539790
643825
544565
530608
882053
172201
656470
186487
545329
343900
585477
464440
182613
682305
470987
544086
889224
884305
39376
523761
578298
331636
277524
804333
14987
945957
453937
924969
182021
688619
438971
201419
564610
805592
119625
506860
652925
831619
270550
805252
574586
427978
295981
334915
259966
421443
934724
619623
133985
940723
185664
209613
627317
680132
673575
711172
623909
248762
188959
778637
107646
134193
776804
673554
322172
326720
23798
10773
581989
288169
834396
60350
137298
212356
47389
716169
347799
506909
757641
889960
207037
551571
375884
721487
828170
326524
62483
528745
432428
38837
756926
894997
829758
775911
256154
200428
199987
301115
96400
743890
992821
295116
357678
439432
152804
279544
323527
712580
940786
275229
881064
