3803317
4997875
4787570
3840109
478652
767730
4368083
2959802
3321094
3290827
1184398
3916606
2869374
808029
1389563
4021980
1116560
2965225
217772
1416538
4557877
4792938
1510539
4249369
402655
1439473
4570637
2447396
2710414
4751632
3540724
4895526
715515
1380044
3832272
1252937
3833769
3386118
1952834
1408077
1068710
2379189
3472381
3590447
4500509
4249394
2315653
4388188
1751725
2353970
3109760
4148360
1659252
4097833
2983951
3906917
1422186
4460154
4868534
3678255
4034812
1078655
561411
1412467
894149
3423031
4297442
1691042
1556516
39511
444026
2804949
213173
2559016
3303249
4453495
1979164
1439480
1743790
3240415
3964915
3292512
1473330
418439
2633072
1435332
3093331
3554090
2288347
1089129
3361015
3866057
3506288
2971290
2433640
1520427
3390241
129124
4497212
1240718
4553286
2981896
2773914
423151
2086937
1682761
813905
3304028
1933787
3685591
3165191
2166436
1395842
1836344
1894016
4439302
837293
3256414
1649161
3652840
1358414
4660972
2444597
1637046
2864153
4338146
2375783
4391304
4385774
1807776
2921241
1928317
3179232
927787
2350177
908225
714103
4844519
4079441
737119
1750506
1601073
4226187
2117535
4969459
4658067
2214795
455252
3188811
4137070
2428983
4414918
762191
3380346
3894116
1343589
1322602
3939313
3198418
3849537
1019202
4068511
2086389
4048910
3148920
1833503
4954684
3288087
2798097
441399
3708295
2531232
3854394
3896900
1852493
3496621
4488937
3547816
1499194
1914105
2412170
4898712
4268732
2443385
2355730
206673
4566497
3137794
1494025
4374722
787146
2697597
1901548
2834601
1454327
2334589
11420
1706088
213011
2637352
4437636
2112896
569448
727870
2725183
3178372
2194747
4812563
2153014
4588866
2940540
1012670
628657
2561022
3257339
1010102
4273159
3760073
1602416
741867
1007793
2001055
3553721
3612626
2921662
326532
3959619
4854009
663036
2631536
67151
3446872
793452
1533992
64851
1477139
4237723
2455357
973937
4670133
1651630
2452097
1905885
734789
4473235
4996069
2914884
4104224
4242980
4624874
2153804
2720490
2390402
2291595
1487568
3729973
4165774
3132549
715844
1054955
401932
2338227
4457237
3239060
452947
347859
4341853
3094684
983317
746100
3760800
2375791
3173354
1034951
3571569
2732050
1204630
4758511
1547856
2610209
2723161
2484414
139783
2080010
4069018
3361758
1537939
2980616
1935521
21250
2658922
667880
4126746
3049896
4181735
3323666
2565635
2789201
1705049
595794
2363686
4965853
33285
3213232
242150
3837210
1730383
3750272
1734633
4349336
1786790
2237977
2116356
868124
3970569
622597
1969377
3898607
1753991
4981689
3216645
4618070
2200683
2544610
3679651
274184
1195481
3211031
3122763
3524704
4168650
87515
2308322
3074362
3499365
1711616
1145209
2083335
2832113
2640605
4579742
4625454
3519507
1851519
385695
4255493
3318728
1348471
4832239
4680691
1387468
415252
3611213
1717586
2305044
1683369
4529250
4043681
1977253
4895858
3174622
3471595
765987
260025
1021787
493592
4224316
4164503
4729430
1377502
1380207
2994606
789805
4332456
2257926
1128521
1744626
4332785
943845
3022745
176376
2440587
4588396
974831
245718
1792099
1384814
4375643
1426957
4309671
4127260
2605379
4148895
1903563
1726446
4827935
2758461
46664
3707988
2587696
1716284
4213939
3503837
3893862
1373576
2619057
3715866
3607589
1400042
649053
2466085
2884550
1770560
4156973
4015256
4556467
808837
3538816
309403
2927871
2826119
3586149
3371796
4815936
4821626
1814410
3122751
702394
340891
124831
3883427
524775
874734
3155804
3948401
893252
4609117
2553805
2684717
3923959
1250394
4422897
1266591
2693311
3021741
2877477
2085006
2443795
2392826
4393789
1401851
1451848
2280910
2999997
400796
524161
4321179
3780611
3647512
3587099
1941418
4352899
4890338
4376393
4949195
569926
2073115
2787673
2141198
3394998
690924
3408438
2647450
1386141
1079110
3078249
1752541
3703889
4108695
1883991
2267685
4038604
4234692
926438
1928912
2162025
957594
912444
2462151
3391697
1689861
1573197
724240
2215430
2545104
725337
2555725
4666474
3491087
867602
500816
4007866
4490496
1600228
161586
2202879
1528201
300735
1590908
2052189
1034693
4848132
2176524
3864433
2541135
425132
1902715
3049523
4425778
2001618
3718147
3280419
4544968
1396771
3054620
3468883
3556803
3734729
2688966
4285855
3326015
604425
3891802
1878554
758378
3579793
54177
1267233
1794836
3859409
2890401
1109574
742737
4141311
3296201
75435
566476
1328092
1092913
2093216
1347725
1036309
598715
4640298
2601398
2955672
2588675
40306
2237285
118025
1852402
4312197
3951338
2793697
2423814
610862
3112839
3383701
1208290
3715102
3085065
2127665
2139534
1375159
4354520
3193240
2506578
2140992
3149232
2520584
2339013
620346
1522730
4534926
63142
1189461
2205257
2003307
460593
2531312
1432132
3600577
3251032
4747018
174662
1886710
1673453
148576
241590
4002831
3087352
3602982
2561607
4068973
4013414
4527472
4707746
1718927
3016601
4255910
1531462
3536192
2214230
2393897
1434754
2815794
4694751
3030567
1685169
3049608
1854522
3515937
1256238
3741670
3478794
2010023
475963
4913410
900912
964433
3541611
4719150
4971567
4090111
7455
3615556
3512844
512955
2468432
3076427
2890676
3224873
3674250
2744445
2005644
2915179
1712897
3737911
4218210
307763
4352584
1788302
1502108
1902979
301670
559315
3300702
4436708
3628299
2929580
3962000
2915401
997434
375903
2249153
2935722
2478604
3293394
902776
1046836
324926
4983715
1881659
3360489
3467948
4691073
2772740
523180
2769171
2013693
3567100
2787392
2461464
4972128
3971308
14048
3000368
1604314
2313886
1609929
4097488
2899042
1443511
4550041
1100577
586658
2305987
861637
2339114
4709948
4303080
287799
2218521
4552732
1721662
591552
2116943
2852682
3229926
1767352
2569221
304857
794952
863109
2422202
3675437
2641206
4005289
3506005
2690876
3646450
1867766
3606695
1284787
82071
2695785
3970306
4723782
4741766
1003480
4509174
1032503
4332627
933332
1697343
2923919
4385307
768332
3270677
986821
1919900
1297917
3334203
3321059
2630636
2503532
1662640
2132327
3308009
2543382
151913
392561
921123
733199
161672
3400721
1150719
1751870
667925
4150880
3575935
4699323
3566193
3589373
379447
12721
187965
575212
1155716
2443177
25369
4279503
3164771
904020
2230663
3661605
1779738
1047675
3055219
371390
692550
23965
1330950
11775
87927
3818193
262469
4746856
4031258
1251549
1111103
405850
1098769
4315798
4563121
2134925
2426796
1968914
4782121
4231243
3256770
3444778
681413
1905294
2805192
721442
1903361
279711
1649182
1180151
1837567
1902925
1151513
2419610
1790673
3863997
843787
3220327
754815
1903098
2888490
3580877
4034040
3483843
4898494
4802798
595505
955280
1494851
2922753
1033960
1028522
158588
2922198
3964300
4128290
2630333
2252386
3230561
544306
3655223
3395470
4235597
957653
2100417
3586978
1159149
2131216
3706448
319213
2757954
1541576
3158253
4157526
1516102
4918844
803567
501547
1615312
4356597
3157731
3364262
1880982
2627260
2953707
372728
2303991
4805818
3617807
2210593
1399856
1047857
3504206
1285557
2475883
4899771
2540982
841747
4860392
3147226
3763906
1510520
4176457
243772
4146938
3263622
3431253
4331171
4400259
4696399
1147912
4098019
4970527
826280
2677562
980009
4791695
2695968
3455804
2155361
3059973
1203057
3080127
4576190
1450658
4057255
1063674
4062412
1012396
4505675
2171989
922361
3689958
2848222
2752623
2599555
3709814
4286441
4455278
3527042
4724131
2523493
3919644
3886051
4839067
1859541
4934117
378324
4637257
2211196
3357822
2651452
1052411
3433134
2125524
1014493
4290506
929109
2365561
1717197
4143451
1911514
21765
3801196
3389497
64937
1643880
3778867
3419894
3873079
2513383
2465795
2459985
3136414
914038
885195
3543809
2151930
4198161
419083
4815464
1229200
3224605
2420315
532678
735943
3637934
1906509
1898894
3634256
4188361
4689646
2140309
1320601
4574268
849837
3516768
2830936
2415000
3233971
538969
2716615
4505250
1155527
2773406
2004206
940260
2071696
3741743
939379
2012678
241808
3426118
1919916
579816
882745
1643112
2714378
4199575
3289514
4872057
2673428
460396
640892
1027590
351102
4970011
1029184
3558054
3989054
1240380
3192406
3815571
1742949
1689435
481679
2755537
3487538
1278837
4238587
645433
4515500
4341364
2437993
4074298
4156979
1370320
2745473
2026712
2242655
3584602
3888863
4294447
4817621
635202
4755074
282344
2726884
4892530
1482363
2748917
2223385
4302324
347045
1792210
3403114
351281
3556557
833789
653246
1656345
4491090
4542696
3707437
4152984
828739
3122125
148283
4326547
84323
1627001
1540813
3443216
4757631
3055636
3442074
1656610
1235832
4909183
271532
1338018
1858730
774867
3581744
3435949
479743
214680
2206990
545470
1925775
4226936
770097
2939264
4205799
3788171
3788910
2169798
1069954
2953439
3378757
1925821
431194
4693355
1145313
566961
4357032
826432
4743268
850092
3432026
2452292
2915767
4839537
3086757
2658429
1905108
2121994
2289529
4756758
1088151
3576158
4632802
4390388
340471
361810
1796310
1340127
1280443
3295854
2038033
3001435
4308522
2761225
75669
285883
200732
1135507
1055598
4431724
3641547
832921
4761321
2041244
3908414
4631268
4364311
3264729
796936
1608139
1681842
4867429
3779311
4721656
3105166
256121
3343398
3929500
4559024
3952149
1417804
4145698
2950589
1553117
4676851
4128635
4370504
3092650
216938
4156085
4746558
2739054
2795568
1333995
4163830
2219317
1783655
3778487
4702840
2663016
132404
4900238
3482338
1279457
468844
3426745
2769361
1075156
2552697
354953
1183213
1272541
3010431
1731454
897517
2774903
3193896
3887159
2994272
4220009
4805365
212929
2397519
1862876
1078570
1626585
3127095
2717561
4968872
3569578
3547532
3234885
1452398
4733004
2098439
2236696
2115941
4094234
337095
536054
4563267
508254
3973087
3654005
4009467
2925010
1329419
3116135
4455057
71230
3944445
181203
653132
3757628
3670885
2844962
2065536
3403007
965989
4759997
1953038
2068287
1990365
2285524
3560314
3028657
4304468
4656008
1014170
1054267
4710696
1172442
2467713
1580386
352507
1018743
570956
4690876
2356176
455861
3367402
3011531
52084
2858133
669043
3397314
3928024
1132131
556002
1385146
3730922
1230534
1027607
629032
2594532
612677
4115356
4041507
2325682
2530733
1478176
4421961
1693691
1263694
3037171
1637326
1682992
3264475
2824948
4110543
4724709
3845256
420128
160882
2880711
1780807
581162
1059314
1530184
1413880
1355873
587583
1089866
4290002
4465405
2670196
782814
2145380
3112610
3403601
907314
3968536
3424610
929607
4901153
1068792
877334
3724905
1032145
2893504
2934035
1587300
3657702
2989459
1490329
4611015
1177274
3378878
2755911
2090761
1134678
4274777
1367090
2052366
2811879
4924658
999436
4504084
2023874
1622988
1188294
803325
386334
3037741
4796883
4956024
256456
1581923
213493
263873
514305
1104514
3482430
3885373
2978181
3422630
3377755
1420460
1668811
3218559
1541199
2359381
4604309
1230536
4336753
1382651
4597468
3037866
1240606
3244203
2877985
3878158
3903407
1730760
3193299
1950165
3661620
195217
1345760
4900888
1739416
3271961
145527
1830439
4261640
272519
4115153
3808663
4965653
4370704
4993218
4320824
4116481
2477971
2963714
4734786
413317
3154504
3576567
4165035
779024
277917
567433
3564493
2711110
1918980
493090
2182506
2487219
4433878
2107818
2283041
724453
2165152
1465917
2458344
2031048
1958445
735133
269152
3582908
865428
1805689
2539189
283459
4692439
4155595
505938
1339780
2318801
1875389
2544777
2268821
1215392
4738960
1457153
297534
4058159
2536213
4317016
277229
2123389
1690437
1459720
2543151
2174863
4403229
3932505
3637292
635264
2784418
2134560
3467949
204562
4683156
747441
1740533
204640
1313976
2799548
287776
380359
2154041
4615322
3394964
469715
2016093
1622117
4163555
2757382
1544313
3896072
2916855
4126705
1506283
926542
4185304
4155464
70170
3775264
3045309
1621173
401004
4688535
3823918
4855307
3869542
4628694
3011100
4772392
2501286
482621
3806331
4802211
3646254
1448950
1285452
4383156
836034
974064
1670551
4900731
4540690
3226026
2764438
4804046
831728
3120485
4760224
1675444
1845496
4815478
476437
2810471
1909432
2083687
286116
4396455
3436009
1734265
4854235
3852847
4864408
2519019
285073
1327739
268941
4861665
142071
3856915
2641639
1409255
2881442
1836141
3265397
720414
801273
2263046
795086
3717265
972157
4186073
511359
203602
4286077
2008505
258567
1580502
465441
4513317
2688053
3563822
364065
4410837
2504930
2374140
36767
2681540
3681813
1530483
4195275
621388
3028521
826407
4468169
1000736
2622375
3979656
3302193
2230534
920047
3118582
4015268
2636866
951786
688610
2606509
1326
951568
3634060
4813996
2909415
3212748
3701630
2307633
54621
2177306
95980
762439
4696208
747445
1708000
4711656
2983708
989022
108775
1403796
1842330
4828148
4005520
4129481
3553170
4429281
1463060
3760072
3677884
637486
4258545
2100534
1892157
86106
3917655
4209666
684240
3693930
4755812
1971327
2111122
3192315
866464
718717
2474858
4803371
3537931
1366599
4235729
4263585
3603399
863117
3230680
1324609
3651394
2072063
3492419
2077862
661275
3765738
4253463
2913114
4632098
1738991
720987
1487737
655795
412949
4550281
503393
2853011
829120
4721139
1403893
3593327
4925282
94
2746929
2984300
3834859
370079
1345731
3295420
2599012
949012
3070532
753450
2436516
1431800
2616400
2581954
2229993
4354547
101257
1502722
1414138
4914658
3512287
748964
1359673
118686
4308467
1541583
2171932
3897888
247598
2810142
4293699
2407900
1096311
4114304
4673353
1758934
4515902
33018
2016857
2001637
2023074
4389520
1568555
2723186
2563590
93477
4396094
46174
663668
1052698
3046024
3637339
2809688
1772163
816503
1367467
4778353
2814958
3756857
3069264
3307103
4510925
3236459
3447096
2503783
2061168
2666659
4813136
2766916
3678582
3238121
2114023
51675
214637
4196566
1449903
1384426
2647974
2311484
357190
1123635
288850
4044979
4910428
1293626
1742746
1625606
4048674
2453680
4366556
1589160
113583
1570085
4942902
417673
3206584
3136963
3348507
837303
4984587
3611319
1512314
4824599
3248662
4609531
4127061
1346363
3091373
4858385
2535636
2500644
150191
4670827
1775381
414929
3544889
2266875
3077775
1345620
1626696
3890004
4961138
4769167
2024119
3954990
2264016
314632
549727
3625861
3925517
1800734
2499186
526392
2455814
1894785
2729006
2285085
788195
1746754
121741
3569472
800960
3826212
3155390
3133351
4773495
3412130
3597133
2461775
4539361
1707767
1518275
2177139
4312690
2920288
4221650
2928004
2972496
1987201
2726351
3824298
496195
32674
734217
4181296
2290121
3427726
1889049
3900669
4111923
320678
1190095
1285544
2971264
4441012
233093
81013
4201325
4876869
1600174
4249468
1437412
1309614
4371620
275800
685956
3197350
2622032
2048862
2634604
1245395
3203251
4308495
2203809
1018497
2304285
4477815
1367075
3989355
758652
1973416
4306544
4968657
1746045
4651872
2021792
2150669
2126641
2068876
783580
869888
1670119
409738
1942208
4185179
2705194
3136427
1800875
2713409
3377661
1811936
4455516
3653762
933248
387223
2924471
3175101
4395218
4582675
66143
3827362
2747359
692566
4292740
1254049
1946837
4898990
3276423
2419390
1187557
2144413
3152339
4175622
235295
1461749
2074831
3647117
192686
1931306
112130
2356216
1354859
2787287
3361680
2636321
3590187
1207951
1146412
1431135
1933568
593289
3980495
1406194
3672162
2874995
2463492
4329870
4509474
2341081
2544766
1155009
1958560
2321422
2993333
4368618
4543827
2141299
1337673
3292216
3678735
463245
1618190
1553266
2554699
3665140
4496581
2577435
190071
106790
4055706
165925
1709613
2952534
4711858
169877
3102215
3998745
1181338
950055
721060
4590478
914877
572786
134584
4184983
4023073
283115
111775
877750
4952970
995435
1822896
1748941
2776419
3101561
3312209
228953
907185
4253123
4493843
1887341
4291111
988777
1837044
3148771
1031943
1657172
540425
2326720
3784807
3859577
494871
1453857
2353243
2461467
608254
1256788
4432929
1558465
2688567
593862
4361930
3477587
1490303
1696265
3996358
4308145
4395297
2560484
1084434
3139779
4344128
1114565
2577569
729749
1196104
3253043
588168
3715463
4426594
33153
118043
3211153
3228375
2848341
196773
1291873
2803404
2520494
331392
3954954
3395300
1346635
3376260
1594009
4515789
3382670
851448
464704
3186918
2859239
3121194
1502143
4645521
4532889
1311122
127051
1532785
1046108
2398404
517949
4694771
2043717
3619599
3750220
3880358
4270888
3158323
1636563
2490259
3106317
1695968
1028516
1954218
3281526
2987266
3401170
1782871
204646
3433569
4378085
98635
4163945
88111
3729306
3116799
4624169
80607
2003629
676141
3934207
2788844
4868672
3104521
1480856
2583961
1648988
4903395
4814066
2105928
3845466
3026742
3727229
227120
3516127
2570506
4628556
2073815
3499301
2117647
2716800
938909
3433683
3092724
2117810
4825161
3998962
2176698
2456068
2315410
3532498
948187
4046369
3247342
416933
3140081
2538506
3091460
1349306
2303877
4833367
242916
2654149
4688011
2053546
3676175
3702177
4726449
4898855
392300
2010830
2635826
3265284
3992285
1711808
3845951
4361411
705688
1186854
1383390
2491328
352563
3472091
2894883
2677437
4578687
1465460
3488850
2067346
3585190
1528958
2160169
3271320
4011198
4363881
3368351
3539142
2849053
4332023
1225880
3747910
4473607
916859
1057228
1307474
1613987
3874356
4637661
3182937
4076763
2160608
4528581
1722911
1311054
1073730
4509375
1622797
1918140
3337933
1818748
2698096
2723116
4382606
1942503
1222534
2517828
302373
4971037
2521280
3340421
214522
1986024
2249423
2148545
3642848
1716452
499160
127735
4453978
674397
243980
447643
2017985
2214984
1990533
1468240
4184980
4809047
976832
3382835
4818506
4566315
1401727
655216
1845210
2775110
4590552
3939593
4141428
1703762
2592649
400016
754578
4908952
2487841
2581414
4805470
2366215
4230303
1636174
381357
2575156
3018351
523743
2587781
160883
2745527
4875591
4538974
1174819
3902618
4298412
1777325
428333
4507536
296066
4917490
644870
4301784
4256046
3061139
4420243
1778846
604979
4165183
4741696
1128422
1985857
314260
1127393
597719
3532270
3811894
1469243
2795445
2610336
2943218
83830
3707768
3899357
4410883
1920561
1615706
1223663
4671490
3221555
2930253
3878465
1278511
1186075
4504269
4305343
2856194
3616787
3308574
1196295
2597754
4388837
2195380
4757656
4426433
617623
4434978
1274156
1961532
1704498
4949287
4796436
4903080
3326064
4164448
4506886
2344220
3671295
177307
3709792
2098963
3113123
1332237
1303024
2464309
4201947
1279746
2536276
1324962
3507663
1920149
266983
4342203
101267
691672
2555436
835455
4243101
1503940
743824
489814
2424990
2400322
4156910
4087095
1443104
3439120
3999548
1543738
2978087
969221
369216
4641958
2509401
228599
2527035
659528
1430626
1292339
4718215
2031068
3994280
3818291
566474
818004
4686813
235247
1597445
644043
867106
1651836
2031332
3404837
1324532
818002
3430269
2687887
2308505
654527
2179344
4310541
1097437
1122602
155660
3204914
3269708
4018386
3447565
3369129
911820
842932
2434487
935683
4271813
2858164
914779
3100309
3237094
4918249
3987983
579461
768299
4087892
3532867
459779
2177242
3270466
2542504
2246901
3917092
2616775
2666978
174823
3274446
492138
1032498
2692811
4005717
4861389
3929881
2836668
840016
459908
3829505
378949
4790382
1943827
1428360
4042596
3791004
3016550
1682862
2360720
3829133
2262229
1417048
2692589
1468171
1899959
2415427
1835936
3444437
1716377
3815406
2143003
2879815
826474
2269346
769753
3269062
3739648
4413337
4714596
2609406
768576
2405089
2935497
4026374
1296630
1911661
4899047
4045356
4258141
3854802
4093190
37738
3771531
893268
3693215
1516479
3745478
4684368
2992591
4663319
3340722
299350
4583154
172343
3890308
648669
4827444
4879343
2721927
809548
312615
439037
4135747
3829878
1206195
2077229
3065721
3544323
3574783
374837
557144
1306406
1792453
1940010
3727352
3156811
1798800
3465446
1709751
2378591
1177168
1448164
2972031
500597
2399719
2512911
4030579
3639661
3276203
1629673
2524027
4200985
2268125
4867421
1440542
2095120
1664736
2022692
2841567
2492518
2473257
1600627
4302924
687505
1558303
244977
4486765
140607
1982294
1451362
4278378
3549277
1776535
2514240
650996
4471504
4834945
1784368
967908
2966346
2866327
2407460
2190162
4219287
2673697
4666215
2113858
2546759
4920303
4752064
326757
4443786
1001430
1435290
4485715
2817920
3909534
3736616
3552980
737709
4350708
1527624
639620
1063887
2584830
740372
706097
1277743
1010349
1016845
229552
829689
551361
2750389
2211810
2101112
3771533
1394789
1319852
3460433
503820
4711233
338185
537080
780064
1108082
1721769
4441908
4888416
2517026
3750010
1297700
4314050
753915
2184344
297351
4732508
2790689
108694
480234
4637784
3450375
999642
3210412
2055426
4231327
3121504
374020
776356
855128
2574212
4146592
3449390
4067822
4996986
916127
4076501
4894618
1134760
2335857
1069462
3495530
1825689
2484273
392187
1772242
2389217
3326516
2377791
4498280
1242677
3849887
2358487
1491293
2509275
4310073
4019113
3223730
617013
1450483
3457429
1518871
443570
3985269
1142989
1064957
2037099
435307
315830
366134
1893847
2207225
1073973
1112322
1634884
2903247
325536
2568018
3374849
3235767
809633
736384
120494
2985653
3284788
4128097
350449
376914
2297802
3868867
4062066
4721229
3564254
4372454
4070787
4308002
2672044
2801511
94125
996383
4068431
933500
153849
70254
288524
1687709
700366
3406652
1911979
1326854
1720417
2518443
1485738
4650945
2269228
3329991
3550446
2934202
1220526
2254119
3025620
2805483
4295699
338440
2753584
2566380
3183522
482120
2640621
3363315
2504151
4217854
2527280
4546031
4471628
172039
1809360
1119717
3348466
4338892
2300722
4792294
1977782
301455
4933023
1507453
3382945
4834552
2327292
3278310
2432949
1038013
2532835
4791678
2395028
2257442
3395327
2417141
4802137
2104433
860034
2454159
4758466
3618190
4417331
1164962
4916629
1642869
3426722
2292643
2211939
1971126
980727
3166978
185693
2182339
2875634
66651
1698713
733352
1002025
4023906
964375
1296880
4907396
2301684
4777555
1755681
4375458
821000
4483704
1698753
322586
4256417
2186294
4777300
772537
1291261
2610641
1695827
3665162
3825195
1215296
1799442
1569193
2611652
1511078
2868451
1614446
4682248
949445
1039198
2800540
2287907
1114231
3106821
984885
2005545
353486
3924596
1032608
3053312
4991270
2709045
2285316
1459910
1263474
1628719
2776882
164602
4616177
4694286
2202669
593574
4144638
4026697
2749514
2331521
3978206
902841
2311348
2099224
3035137
3050330
4124606
2849459
3573116
419323
3274758
1879127
1323184
2616287
4632948
193500
3606779
2242821
2653537
3092932
3642544
4903834
279673
240941
1332011
3266523
3266647
4469809
804719
4143656
3038990
1378058
3605423
3307777
4817105
2274316
1260237
1421613
262233
953073
3387568
4564311
4472583
1794667
904350
4093042
2059832
596331
2938924
402049
4816731
4587778
1260895
1133814
1585660
2048747
1027486
4191295
271151
2885787
4243692
662636
1645039
2791377
3074346
3113294
4697784
2491389
3088165
4455402
2386206
4197659
3748768
3761924
1602960
981757
3301150
624379
776240
1175200
4630515
883156
3301195
4755627
2431707
1323074
2842846
1036646
1773474
4713379
245575
1925952
970811
1450020
974215
595682
4486646
3983966
1564178
3344507
2563789
685917
1063206
1004158
1681400
4652052
2278410
3449154
2673887
1774598
3925461
445252
3162627
654582
3247575
272254
3219343
3405376
373316
4553364
901755
185244
2915115
2852697
4984926
4329087
292975
4603747
757786
248466
2949820
4546290
2835386
4076302
2062909
2778267
1454328
4419600
2164438
2538588
958005
238256
4521792
2695623
1133150
2850089
1028931
578644
335741
2603552
2354124
1417804
4685979
884778
3879063
4111818
4211123
2195613
3935543
922730
671791
1162456
907197
461288
2424065
822904
4428896
3022
2209266
1433132
2402951
2834145
2535061
1978582
3230158
1623011
1284492
2691691
1695115
2366788
3160008
1719571
4613669
4862684
903407
2161857
2080294
997079
637552
2586494
1805125
4594699
380933
3587868
1504788
1101112
504746
3842614
3093413
4936476
643023
3420852
534242
2307263
1445950
1511480
506008
1054931
169746
3325748
4338877
1067034
3193955
3067510
2381467
1229528
3027829
1273778
2155269
2452229
204440
2910219
92976
647850
3725867
4342539
2392221
559107
4510046
3706105
3958196
4016363
1653786
3272096
1621109
2087196
4789416
4408740
451379
3190778
4404971
2786172
988563
4780689
1717071
3281130
4185231
4571047
2473558
4242378
1812738
2730275
4594597
3971040
466627
2568490
1844254
2770747
4726730
2884055
4913934
938736
2676162
875178
1234139
4625197
1339344
1345563
4737547
2308605
836415
1550514
3205738
1557572
1668690
4476283
4525888
411598
2683157
2255484
3998281
2512980
87393
4955377
10113
2301720
1199219
467201
3564938
3889857
2466157
91603
137448
3916275
1091707
1748765
2300614
2935777
3933569
3064626
3574893
3041446
3888770
864766
4650825
3206970
1312204
2380390
4485652
2129538
2303262
1743893
1110431
4888333
853833
1054037
3663082
908395
4146655
507616
1486676
2607350
2047557
2353734
3684228
4105131
3146291
1985112
2416806
3725349
4618954
4958618
2639781
3004126
2313533
1472149
4803184
426554
680297
4808198
4579548
1264699
2600636
1578807
911109
4506422
548900
221593
2922293
4552717
897013
3364223
3399546
4856057
4098356
3689564
4546836
1434743
847276
1000370
3866865
2639134
4992045
909060
2372859
2341772
1671705
4231499
3589820
724319
1073626
3151074
2379548
4213338
2240033
4190615
4484805
3976632
3628321
4242106
4382871
468253
2802938
943421
1491170
1129551
3712970
4803581
492784
286971
1488868
4612603
3073612
1156217
3940579
4031725
2455638
4539268
914370
4183420
3384236
1548589
4826594
2350134
1527743
873344
3127444
4109007
1623286
4882363
794496
4593152
2083225
2642902
2958947
280179
320154
567725
2876322
4329206
182088
1473280
879427
1178635
581183
3200009
4111239
1553652
899905
4109601
1214235
2573265
788337
975092
4990207
4101531
3799966
281338
4976134
2165278
1767374
4016340
642099
162394
879099
4403574
2389315
957229
2224917
663606
3082413
740107
1992203
3577992
3578477
755351
994324
4799511
1362911
646294
3378224
4149422
1809522
3753081
4854548
14575
2821993
3725590
3044694
3884472
3547311
2844349
3677134
1799964
1079928
310614
4044574
653322
2883247
2481374
376594
1764853
2678140
4225835
2823885
2796458
2251049
4297395
279592
2998553
4479623
997565
3814407
4233778
782840
2345174
6452
1893476
3513754
87486
1921466
2664712
3437911
2211105
2142150
2513941
4611030
3848116
113861
1165125
1191268
2051808
3410701
159791
2085144
2363019
2831800
1569566
4521598
1512932
2343231
1262884
1303431
114774
3716236
3432079
2655744
2904948
4147076
2078238
4870786
407133
4489836
2933841
123303
3744920
3160919
980115
4642493
534515
630872
2281438
4053664
4702107
2389398
440399
4755388
926127
454598
3142292
1489101
1946803
2894265
666922
4387187
28949
3585982
4134902
3585424
595893
4256850
378935
1332731
4206248
804236
3339239
2696295
73406
1066019
904222
2315638
1073986
1721769
386626
3313997
2559294
2289999
1365666
396354
4741200
812777
4196014
2541965
3947953
4259703
191244
2092713
4553958
1741227
4943827
3722007
525496
296928
2574130
4802635
4813251
1933771
671570
334097
1590936
576527
1647426
2571008
779671
1708365
4108887
749616
2709098
747827
906767
4009920
1696169
75982
1362137
4025597
3516335
2984303
3429111
1847196
2555030
4608065
4637033
753832
2397187
2475806
2894605
1750283
3664992
3385278
700308
4417911
597862
1499104
2605860
2229012
3751913
1960922
2008151
4901506
3124294
2469096
1769751
1818552
3055638
195743
2495490
2694586
313032
3431218
1883646
2478248
3524957
4410842
3630053
2525938
839183
4990059
2826954
3656117
4705546
181449
1582405
2847512
3610213
3230493
233272
3273857
2410186
2800009
2127152
491570
1435100
2036212
3962554
3325579
805922
4582184
1322331
151807
366717
1242355
2925106
2084484
4545423
823382
3518921
4080544
1494380
321037
3809626
854878
653042
2972940
657623
4680085
272608
4736231
4201106
4424348
3008144
3315326
537529
4696641
2104351
4478001
3869586
1271266
3512341
4429458
273453
3353422
3153691
2964469
954775
799632
3752903
773986
845038
4672587
4385674
366308
4873918
3215763
3622814
186242
783431
4581120
4504607
3635692
4747100
705824
1007685
4256798
2637616
561869
688420
2816816
2956272
3061746
4458997
3178304
261427
697289
912479
3029891
3300792
714175
3330255
1331014
4355511
1517753
1000066
1734646
4993511
3080091
1112785
327165
3790371
2124327
819017
4780978
2283457
502622
2190685
724816
64915
364189
1657178
982918
1519136
4425328
1659359
1240697
1222016
3426442
2614653
2920289
1273731
3174273
4841735
3200417
3328637
1724007
3312590
2200886
4568474
1005608
1682300
2658699
2179941
1303242
3193519
1087776
3716223
2032014
4409615
2185622
1811107
1629317
4149281
153297
407599
10294
1936713
3722091
3738638
4432703
3535502
1458846
4213287
726286
1058598
2542291
1638701
3605406
4884998
1927381
1824558
3443977
1173099
3153054
1301281
2731704
3183264
2472759
3113155
128578
4198707
694077
3466511
3088836
911256
875054
523796
4822236
2554942
3087622
3171752
1906461
2305126
3767799
2906185
1417611
1217328
2420424
72498
3242566
2148391
4524872
272674
2639638
3691829
4128892
3553834
4396607
4167961
949547
3399267
3925072
558587
2714346
555106
4889624
4727377
393384
4993571
3630605
1967872
1109175
3197461
143691
3365037
1296324
2620228
511468
4769092
2688054
729596
1408487
4464968
104975
3418843
448710
3665295
872745
2176715
1711713
3912491
366761
3207419
4902992
3312688
3852261
1409901
1323033
1198923
4922518
1761072
2973756
3513685
1549534
241208
990845
4244823
2664577
625117
4799212
585959
3591072
4273753
3493812
2169243
2206101
501635
1400334
2977493
3788257
2132609
3273189
310695
1699304
2757746
49624
3991553
2108208
2790196
2996872
4791053
4679615
2587621
4229859
4952697
2834366
3335954
3867003
1746513
1907542
1234881
4693960
345402
1367185
1494514
4961343
2969585
3031995
4585612
4708467
3414835
1055105
4460497
2956725
4145177
2549371
942729
2660224
2382319
2937977
3111131
1429559
3738536
189831
3459414
3653613
1733321
3038391
1875118
2776271
446493
1578194
510914
2840917
4056189
358133
4415990
1593274
2275034
1563207
4575085
3747388
4789261
120878
4431474
1157564
80420
1450106
4197700
3054802
3214651
1329883
4821342
1377568
4943072
2727132
3081701
4089447
2528715
937325
280876
4048483
3838018
3148776
4145851
3330672
4768255
3930523
3365482
42855
3652316
3995665
135698
4866489
239032
2212055
384889
2426883
4253673
239355
1061176
3520260
3759908
911947
4120386
109471
2939632
4094675
886259
2400032
4543639
1183257
2907392
3149827
2991815
718839
1851801
2632717
757286
3256004
188874
2645038
4977090
284423
1648779
1159530
1316997
4974231
854431
2080978
1138534
3637956
1846656
2202031
3419365
2080201
811772
1639243
4965711
4462701
458095
1513894
917436
965034
1476910
2322256
1198858
4177483
2895101
4262516
2452649
216476
774104
2439809
2963394
1169467
4283898
3231823
1056563
2993951
2495611
3811162
4311285
8916
3391133
1621543
2883038
845615
324493
2566325
837451
4553271
4113431
820090
470708
4928647
1937034
920482
3934222
3792148
1619235
1874651
2382637
860991
2244082
3463807
765731
3878362
4691200
145099
1954195
2595732
105851
3221365
928380
229114
2356138
2367799
3742726
3748849
4733976
3011878
3420207
124594
3165013
1140465
110343
338389
1480684
3722986
2892545
3255661
2969685
868497
3987245
2004608
3898081
2010328
2517768
111412
485431
1913773
2247257
3679949
67103
1798689
4269572
47592
954295
2912847
152824
163773
3103590
1932726
4318116
1319478
992286
335848
4007572
3836049
1213561
145275
3261276
2072709
1166963
4178706
2047729
4683004
1274952
3808098
4558638
2643228
1118196
3757226
3167024
434547
909184
4790965
3292741
4908385
3370113
1720979
1748210
800517
3440339
1532580
3124069
1811142
2693431
3187368
4659001
1726179
495420
3289493
4190119
2952165
1649712
3211973
2893694
2350164
1026665
11703
3323954
2100314
711039
4421265
54919
3477724
1313289
827437
3818587
1575857
4796356
3349261
3835056
224811
4398506
3201174
4933873
3013404
1391055
3746879
3113776
611227
2512976
2877865
3315154
1803712
3761497
754116
925600
1579048
1822555
4216385
1141862
2789710
2765821
3979990
4179079
3917052
2742163
3665043
2733403
3249062
1277450
3580398
3187036
3877935
4332435
2970439
761959
2711759
2389093
1547967
1717096
1367766
1282896
869392
880530
397769
600502
677282
2911072
3478453
4750189
2616107
267018
415153
3908681
2342787
3471778
815326
2108208
1483109
3873180
3966218
2780804
4972826
2534313
2435899
793436
995168
2418492
912148
3126378
1683342
395048
105346
4424115
2906355
1673
1311188
2123031
4613233
3975194
2683448
1181596
2760688
24317
569689
40084
3917564
4621771
2294794
4396769
1456720
557953
2234580
3793117
1140863
4343337
2786668
4722471
3495382
3732910
4152544
3981018
593313
2453074
3624892
933167
1800972
1059347
2706474
653718
3784114
2000536
2588628
970086
1246397
2178802
2954722
2437319
1511997
4871379
3144208
1970159
759829
1457613
3083440
4276587
1096504
2021
3217840
3211716
3211610
3866364
2064458
1144595
241389
1542031
4972820
3900691
2115479
1901920
2605700
1532993
2945061
2157452
4134754
1221568
1139942
634550
3250935
1725074
4586603
3476594
1925855
322050
1026652
3616010
2587751
4447809
3211776
921865
2623236
3907485
388996
3377850
3493433
4094803
4727378
125744
2834558
2295990
3108031
4545659
4603534
3593071
4292826
4708240
4713162
2214470
3632723
4853987
2137364
2244576
2576945
4659477
3256553
187041
2058465
3580950
2178664
3750737
2168446
115686
3616161
2809809
3953163
4915069
449980
1218907
1027788
1606850
3392534
145231
1182971
1944272
1640644
231556
3028278
328661
2580546
4011700
1508238
4348662
2202395
2492051
3871942
997022
834930
1163982
3563749
931187
1036534
2392397
3886627
4225479
4070377
13652
2732335
4589801
4463400
82460
4107884
1266025
4283193
3388812
312772
1758715
453140
704969
2499973
1703923
182700
2950309
4393054
4997051
774979
719869
2794952
4715813
4795774
2130245
4296534
2254383
4375699
4480045
129863
4248373
671978
2807182
1164737
4977296
3212183
981177
2041397
3193286
2080393
607564
3089042
4844607
2270128
2646693
1588811
3116883
76411
1110129
3604332
3556974
2984304
1017353
1104685
4940272
1624566
3849571
3833166
2975392
2220136
1304488
1313884
4404304
1630235
107258
4243276
494223
1811248
3903980
1356061
188894
4530007
1167124
3201722
3381167
1378299
785078
1733841
1782239
4810821
1933545
963611
4426263
1176451
31484
1879396
4484904
4942304
1152130
4292377
834836
1804794
4732183
2803433
3649315
3330459
2084241
2486884
1082806
3885541
4149567
4423613
316539
4130615
3422989
3181716
4541430
2629580
3036511
3645887
437963
1145370
3904634
1179513
1994626
2077539
210209
724406
993545
3902479
2783552
3664323
3392715
1468338
2868454
3662183
2444085
3579700
356426
4133468
2977294
508484
3826513
1086249
2906235
4473938
3697403
2296982
3599172
3636903
271451
3449363
3680287
3045013
3846684
3321554
1478088
823548
3266641
588589
4377310
3007660
3567050
1077451
1504806
2764887
4529803
1233723
1046324
3790853
2203764
4098019
277982
1047920
3996419
1847099
1533390
3398394
2490277
4305853
2605103
373875
1945053
589373
3442655
1611191
980477
2357062
704454
743395
438414
1274452
1241685
1695172
4074591
991758
4757136
4734203
2863854
4874365
2853215
1473443
128868
1700784
3388573
528552
2167701
4758492
2357713
2624655
2650881
4455881
2974928
1649874
1438250
3135092
4723469
3026711
2554685
2062990
38692
1149778
3956135
2394660
3513840
3317377
1784701
2056814
2395813
3186724
2860710
1564505
1780838
3351509
442571
3688271
1487460
1554145
3470927
2957990
1278121
2235805
2427111
4732836
4091811
4695294
3885804
3289990
3912946
558583
3569847
830305
1662761
3917948
1303170
1216527
3203401
1884122
4450514
2738652
492493
602315
2173147
575643
217001
4660373
4241027
2704663
414757
2508679
695483
2747215
1862937
1832268
4883306
1248516
2151403
525395
4713210
1981879
800354
4725523
345100
683976
2144959
4395465
380121
1711348
2938947
277460
414451
1669070
1559561
590223
1580154
4702366
2444685
1719600
4331379
36823
232517
1771473
1549395
2467826
3545295
674278
926840
1257999
2149012
4619319
2547418
1512835
3878057
2315710
3560007
649969
4438005
3165342
4335958
366714
541803
1649675
2952737
4776312
4587111
2165989
3973306
4728809
98593
615598
3411390
1423453
3168407
3569370
2624786
2550703
231198
2790029
4201771
2054927
2679713
4765422
4114344
121618
4281322
189263
508630
3595235
4848185
3259981
4642916
738644
487542
1459932
4047549
3604282
4761715
3087607
1877097
4926637
4725147
201662
635007
3233842
3837893
3724963
270888
2689416
61915
2684564
2980282
1041237
2497607
4546767
1222544
4368334
1238860
3110639
3816275
1880310
287630
4402632
1300022
1033115
669
4144186
405080
3034601
685375
515864
3081421
3423886
705434
3925642
660458
3482418
1629733
505832
230593
2501745
2802091
934117
4156408
808681
3528596
1285544
3169663
1294179
3921714
2672466
3094724
2858969
4469638
3403168
2161248
994813
140472
2818133
3103105
2749082
4421666
4455280
3822133
4943976
459204
1869709
2614181
919192
923256
3997705
2217198
2573137
2556668
4482071
2137908
4387492
825131
2276937
1253628
815664
4715603
4757872
4673716
3028122
1134191
3726455
2741459
1575882
3424147
1106283
2974745
4753497
3562379
4500562
4667138
2737991
543025
1941196
4988809
4855409
466425
596230
4439513
3036597
4625511
4307847
2317193
2509615
1129667
4642748
2707282
1006488
2268610
1292053
2270573
1523121
1286332
3337786
122152
4485556
3115020
1747093
1419449
3340935
1167377
944280
3267821
2048287
355422
3489251
4539986
3883641
1595270
3852255
2465800
1440965
1554809
2211839
2022375
4695209
3168255
784953
3627278
9998
2243019
4694265
2560230
3594826
4063249
4220157
2194467
4139215
2068872
3962118
3637898
989461
3576079
1602705
393833
1126628
2819583
2860213
4195807
993372
4320116
1008506
670933
1151786
443366
3225336
2467598
3440680
3286890
3461050
4893130
278893
2334147
4947333
183582
2449182
4878504
834178
843970
2531451
4936016
2043172
1956649
866837
3431716
2343027
1763384
4477801
818792
2567956
4534571
2680026
2368921
255071
4660137
4410003
4442930
3838423
3945471
1023867
2122948
2118910
2604083
1344309
1559590
4268952
4815330
1787642
3756145
3507128
2930207
130228
1318870
1066683
1215020
3313555
1865227
4317541
2335956
3470350
2724557
415828
4282227
747680
4553669
3394492
2317120
2940857
2744223
2383610
1791414
3066001
1477285
127213
3959303
741567
1215428
3310570
1604507
1917115
4081978
4348433
534213
4775477
1437821
962072
999884
4618319
1912482
3239112
3597617
3770526
3955459
2646388
98800
793693
713425
4892347
1018886
3833246
2559892
1387751
3315324
4929777
130234
2600918
1135976
3266030
4133122
3120264
3162877
4630361
3871889
3307965
3549038
3726784
3842869
859940
896203
1931183
1513577
870227
3718221
270713
3070524
508589
2105991
2126538
2028715
1626053
1316296
1936172
668406
3883467
4044798
3324990
133925
2783218
2528369
2560252
1550665
793394
1402876
1951827
4950357
432953
3645717
1296716
2148966
3485687
384239
2127852
3331776
2662871
3330471
2852109
3740155
3816211
3071184
1127404
619092
1691763
2313249
4180507
4106717
4667153
55657
4668016
1429999
1496836
846199
721729
931269
1107474
2195437
1535064
1424223
4309600
1893665
3522199
1602446
4782833
1096088
2658100
1405048
3767067
2085877
1759640
4024562
4416031
1872594
4106452
3086590
4092802
1020405
3272974
1767690
4840682
1554483
2447635
4861268
1513636
1218484
3164779
4119093
804732
1839282
3492464
2859625
4083679
2960690
3839715
760497
2794508
854616
1522134
806020
2449520
3059696
4433356
884358
416783
2719716
3996239
4805348
3250974
2069821
4220899
2058726
2503743
3810458
1579144
3177414
2409440
4727270
2490332
763510
784899
1197111
3728627
224795
4429535
4647068
2176691
3970236
264604
3528421
3656496
3488487
3898587
2499918
2818239
1868720
1573527
4225120
2755376
2332492
400198
