407560
76650
361870
211172
267851
226873
254075
487148
485009
395705
99802
412162
461921
101315
265625
298313
156444
405006
256199
225492
61012
372591
123794
71716
470322
87992
395841
190961
198381
107584
385012
271709
408577
329045
405120
420964
432194
436789
60931
329267
241000
328428
406017
284294
342953
327434
108526
349459
425693
240620
145062
337716
30813
302635
442180
399944
437578
339627
9692
349309
276130
371356
53979
226129
321514
273602
136824
294318
160941
70657
384016
118722
269456
177965
159821
386609
338915
410467
310948
414370
495596
253419
216736
328027
57275
366814
373565
124977
451959
412705
437117
16637
388102
497564
47259
387586
4985
42278
373876
376481
19378
448240
101147
175378
183229
157582
172682
338842
371110
332133
163947
445558
39898
81581
99751
34516
188050
20776
173134
258052
38286
324246
216343
21103
252450
155231
492378
353881
428650
489459
356514
262589
59142
122507
427389
16604
291626
146452
104032
279053
171854
97024
247030
58330
10331
308016
341365
159084
92445
496839
263102
193014
232606
15807
32558
93667
406472
288978
7665
446836
256549
338746
246546
98175
149754
159604
221187
470684
448532
28379
352854
281826
34420
118901
425673
471856
472698
69877
452231
221414
307569
241319
274767
242484
43422
139541
248485
137954
96756
112381
161755
265804
246894
133647
266470
298154
304708
266250
123012
169247
378784
130460
476781
167111
48578
107767
494060
381373
140858
184964
230877
353523
327178
418776
26101
258957
378473
39713
275240
88056
480523
170220
482567
399345
443825
384707
53650
13248
79917
481725
147502
429038
287031
458512
108921
212156
159786
248007
305910
412289
116331
335990
240041
150342
348283
364748
237439
285013
234766
280392
89743
307900
423940
444763
277181
202681
183325
232371
371507
105782
491346
22413
119454
411985
201331
141419
152716
127168
40856
211529
138328
148590
232064
193195
417734
464710
331287
495641
426077
54200
64627
368827
286555
129282
159449
475022
338767
253538
162347
96888
74248
105024
347471
189958
453511
481539
185876
199236
152901
269059
497796
67840
483900
410262
332791
304538
476599
88466
143859
398559
228272
219932
456759
347364
113350
52878
325916
81338
133995
127938
335539
139262
93586
375087
107023
48734
351578
39442
178036
227657
209928
37210
231080
131
129109
90673
104377
144339
90912
352881
490890
96418
166464
267917
396536
227465
60692
472110
42970
381206
371009
329701
393178
456065
68509
122324
393833
55235
116616
269211
236477
261192
46255
234324
121548
340437
281926
156124
333283
481539
464925
497028
56349
206968
406480
460757
404331
433625
320938
456921
383788
247908
77769
362293
477408
168685
266527
281379
238230
180159
419531
484635
137970
284340
223132
316403
438687
427099
74493
298098
385837
44038
17007
478783
65371
139933
418223
13298
66850
322579
199893
261415
439515
368399
311644
294473
384386
175472
463703
412826
280506
347713
371414
281580
131529
329017
135496
71341
161284
123027
457803
473775
255111
381767
213573
366174
51430
129441
217735
78311
307706
139047
54277
361940
351680
374687
3988
388622
461062
53289
427064
186466
18110
178420
224586
43479
93049
488268
23967
189958
254561
115922
236524
388973
421108
422740
30310
204147
394562
476658
14570
135861
71944
301937
276054
365239
173090
354833
292452
199860
168498
224407
30597
172135
138400
438151
327861
444630
85564
2665
244454
124571
119117
248302
139419
364913
474128
269428
257805
57193
363700
112879
177157
150422
484165
66948
55087
202584
160012
168530
432266
221136
225462
332454
374042
227823
100844
298291
449842
385299
400184
144608
451367
331296
221291
329913
114519
491385
340959
452995
484569
416484
415358
219214
317440
128674
160797
12281
279928
136257
3611
342602
354802
213000
435378
179397
386798
119273
121805
360638
423508
116616
386279
24660
331435
177681
397027
45494
242539
300915
249104
300372
29104
415912
422813
173483
120009
323364
287874
374183
177402
225540
314811
89564
58005
477991
423339
327342
428576
70895
418315
455062
1488
64182
675
264897
236219
39235
311673
496167
491550
356893
214905
251588
27537
88083
91287
190660
436247
198567
321060
164792
52041
490340
387577
426646
176416
279473
130102
370888
483071
442839
467745
313705
347544
485666
91049
301752
176473
368195
252033
305014
204953
226615
392948
194020
48438
32284
70526
462486
112355
420146
373391
463074
102228
460904
465883
60259
442024
206584
291722
32761
43299
494616
50747
494226
355326
305516
6181
247265
323170
210565
321354
460019
373750
161915
26981
353472
398602
161409
300820
273152
200968
170600
71889
305183
204938
423524
286074
351354
303210
433055
460408
112763
324547
42793
9223
113367
40308
390674
85501
359310
30126
170000
105805
331362
390990
127667
368755
449027
352660
345648
169880
45341
80231
117665
1616
261297
219462
466301
158730
341093
45953
181298
167660
447646
184175
396751
28008
220520
39948
112999
142433
177232
13278
398068
259261
320108
341042
188945
343643
189526
363084
307637
382171
104932
187006
31353
426764
382169
412148
160364
251423
300411
284623
251463
221329
264160
6275
130014
95988
106338
344473
199490
205619
387441
355831
446782
204693
490726
398939
224750
19261
441256
276829
124164
240394
481156
244233
319933
354679
161444
490002
224338
169145
366599
328543
250987
477801
392795
141082
421288
76277
247591
101147
224414
69057
31219
486216
189807
144847
319666
301601
474403
439122
397078
254875
457874
39294
122071
461864
244557
355185
342903
118515
422025
219508
178139
217855
197725
288311
41353
4968
223938
297307
342882
348113
20205
43466
383430
419325
484806
364294
80261
166616
191047
346012
101461
423223
139181
302800
280830
329979
125629
323343
42997
311772
96682
367278
407676
270836
149629
451018
126117
386918
346720
308743
315017
159657
233077
247424
306408
123450
294319
34020
441333
158781
72765
71483
11761
34251
17122
232012
134062
268887
367010
241035
356107
347955
141416
173488
380523
428381
172052
80578
388289
358962
141541
490783
425756
123637
149972
462911
402756
164660
446556
138251
334679
377869
35645
220500
341387
43363
106421
28257
250561
26350
130241
284368
5502
436327
249235
56657
459760
497333
204722
156713
394929
492061
308288
464733
461216
44575
412668
348342
364780
197441
263475
200373
365559
437152
250578
117125
431801
495422
124242
101036
75148
39431
18606
303575
91603
485354
218401
421234
81406
224624
425333
89964
286722
8432
91199
147206
168458
152676
295996
415175
369766
441098
129700
292352
248514
110447
241127
381025
403198
29854
280270
90028
214157
206268
289740
300039
140924
393070
443668
132166
52160
299403
378696
122980
202023
224392
365404
349154
98467
222534
107223
90066
135981
462724
394433
132136
308991
475487
345356
442793
369561
437583
211394
125152
357885
290423
195787
482557
40717
94374
396856
367409
274844
111311
75747
79945
128844
480217
156689
494947
143889
89285
89953
38789
152775
415171
101325
27495
14191
302819
232377
87789
280188
488839
102108
474073
212832
52848
131480
470521
338429
20084
174372
193432
276226
151059
324128
224897
201596
494577
386
330087
325498
86606
64308
228357
196581
203939
206712
350032
339342
129621
414003
61083
54695
23958
478409
331907
76841
227248
431270
413670
325290
334930
263523
376188
410498
311903
54767
46707
108794
419599
427377
407316
457355
228940
436683
347116
22224
310338
428720
430571
355776
201888
88091
235155
3468
482909
295052
499310
316788
85805
310303
300868
69229
235489
84551
110135
290892
395159
201518
170270
331906
106383
314025
255554
60241
275395
61752
197536
86982
492502
269887
297708
107739
492618
443395
112304
269452
449090
157802
175641
33926
207732
263661
475343
258822
54392
78431
48488
339562
116971
292577
436724
371625
252391
459199
288598
349705
133988
347773
385860
300594
138350
242520
335021
275770
382550
303323
137535
209570
104157
436933
5173
149366
147228
246692
237025
6843
43021
89771
475661
210386
134563
69887
162134
474516
350050
206564
81242
111282
312178
171633
472199
481211
128520
366934
66173
153565
340886
412225
280365
120321
122387
428
370461
191537
28270
403169
37523
180271
156285
460275
208158
101781
53474
461495
489425
139486
452568
378357
160206
74474
287526
62459
491043
88044
313683
26976
450302
378487
485842
467572
493890
175826
421549
173326
410076
157670
145542
276974
440688
492837
394205
72322
415689
79977
207629
5951
45962
181907
491992
224526
457416
132058
172197
118995
127633
250655
289368
405857
350097
429521
109174
116602
275422
113799
143180
132707
119441
314813
451810
106307
475272
343865
146509
371435
238090
440596
362628
161853
263950
166388
215477
414999
365033
45725
204020
180088
9923
39420
479385
418993
493727
241899
489497
78207
76615
401242
9655
373296
364047
446071
473830
466764
189471
263323
115150
357670
451489
127322
367580
438385
164523
153764
129336
455927
284348
443540
424394
75197
494653
3243
256082
212449
191222
108939
268105
130978
287602
154213
86334
2565
347100
66725
308485
449598
141543
110320
278745
283633
266614
301637
128767
321661
101392
166878
454229
426196
27342
37334
185093
4495
246963
37472
418738
394689
237139
275444
24086
36410
383010
469931
164863
113832
49782
442374
418112
140340
289523
375898
350951
127638
286960
68630
371665
288324
384875
421396
368949
49755
74256
192222
151409
131367
448721
120230
491333
144914
282891
278336
286061
431327
492875
462395
4969
15095
206230
28695
110525
416706
350132
418284
310391
131330
247782
361028
192850
125496
362735
99217
262813
400846
479585
80187
354719
356243
348149
235499
400128
166742
199464
496578
477193
99455
362237
451766
353457
421087
152697
390595
73533
253625
326835
132279
311943
48842
29194
354785
16090
94285
45738
208534
78562
62188
460445
121442
71676
329718
336195
191728
160708
156395
283316
164705
109434
469333
77514
476774
377700
474823
132746
63784
264318
323744
16611
305592
393453
237950
72457
402387
92437
317527
52313
10772
112680
382831
258263
314737
99541
5072
433490
212716
488648
126724
96331
307926
179459
345984
30991
232872
127388
168292
157635
195732
153059
133793
173359
364056
99206
281346
428407
83515
191095
205375
250195
36341
276707
131635
368139
381260
252795
49018
190564
473907
211504
411816
51475
480010
274951
299412
198248
439286
433973
45821
131609
309387
292524
227730
81272
198617
24708
405928
144339
135850
353847
32597
69258
299114
299452
188758
129862
147303
265706
140100
294609
437746
471308
247488
62899
102831
318131
192924
366292
32023
297619
178566
223575
300710
419746
219676
149974
386145
225526
25337
146706
236551
238552
326939
155072
328552
431581
370192
210757
490351
129716
457752
209059
104809
66759
2115
114238
179415
420555
391405
295974
145252
347152
439027
417120
20109
195731
495144
227177
420480
326267
10315
173221
232368
20082
236323
233558
465364
421781
30457
269758
497211
427903
280505
439318
186934
91429
470985
42464
488288
307151
354673
467221
350833
333662
254366
294077
291408
417986
120086
418917
58843
344275
136546
292341
210869
15469
270804
382488
356431
360719
19441
391711
256214
358094
421973
52513
232197
138845
257797
215308
420518
248638
41922
326415
265648
25625
225866
413565
338149
298097
102566
54629
146943
30140
262038
358572
196787
476417
255102
499723
286036
331335
427989
274043
477139
368101
80458
417535
327673
450814
15458
86358
24106
470686
455748
45537
131673
8927
50444
259668
42627
297653
93242
392042
173712
207024
451976
409615
115580
75199
485106
380329
158972
352469
34397
272646
66996
55815
411417
349043
190691
205032
22685
69666
398574
9212
322212
74414
201049
408672
228708
252330
19794
355703
22486
33656
27073
5662
277885
221416
412461
379002
30971
330689
307217
483346
196211
391777
494911
390026
352323
269254
28007
23963
149733
150417
31568
113784
108743
55511
454104
452865
483371
371735
98527
425985
97822
149213
158766
68255
403334
107659
369880
365654
26267
192485
336821
212145
356017
428976
417774
255925
189702
371522
496052
119354
449708
390082
406426
348183
450522
42463
462242
236914
34869
10898
417277
57644
429749
372023
383164
193085
384558
455736
295951
194539
470693
279133
307584
336866
463297
393076
175888
252746
325190
103206
34118
43351
221448
425199
123810
416388
258491
69312
354285
425821
408744
412034
30246
38244
205168
388706
405098
459674
176960
378005
310202
368256
215175
484613
295667
26485
312092
234382
438034
226380
184807
412605
156186
487728
162192
477827
397153
416112
148452
87704
388679
205602
478476
131841
446693
158472
13815
270172
268013
192316
305297
206277
432796
352109
85538
384668
51456
277717
444964
468894
140661
146852
133627
459496
282774
69936
71858
110501
57453
163324
306060
26600
8067
435349
433704
4826
153118
424879
397129
458052
330985
267680
140649
326922
58141
314391
158295
149275
452178
324670
235924
410043
282127
493983
318258
272409
399018
385556
106907
17539
50826
236665
153400
40380
478651
360915
212590
407762
401348
247404
445359
493420
444688
133872
351146
144531
417946
159381
213593
158812
343559
162990
237225
313475
293130
371114
317303
87031
361406
291322
364326
363971
175604
90238
130402
194218
235313
219633
288978
130685
479614
292237
301550
432516
89723
490036
209463
18969
209437
414127
256930
426040
58969
161689
206230
323863
370696
143520
362784
16903
354533
484652
372046
128913
452470
279957
484874
289177
453612
54879
309942
313534
99871
271704
280759
450109
314765
285926
158982
319130
174147
28699
121746
222874
231449
412484
61382
403983
190490
248330
39522
478093
495512
208024
404705
74520
403556
261809
359957
25425
222425
271586
255264
172750
319347
428238
127956
123380
129788
40220
199976
446296
113333
230979
424176
163707
479081
432453
388
407812
441600
383416
127791
250726
105243
234177
94839
306329
115045
461042
15055
126285
80292
293208
308618
64234
165618
445772
373177
320621
141674
402136
40784
348742
171919
140191
58239
252457
498767
325421
247699
454028
154885
491353
487893
303920
224516
488997
246675
247208
207777
163467
162697
391447
67081
330111
438096
64487
41017
43834
388401
7702
212239
161985
144341
209839
452613
315429
205647
427969
134700
14988
276473
361634
171368
127640
135930
92013
112350
195099
231657
366520
279966
35656
336224
219726
160566
226361
412920
179199
56677
202896
454881
398671
29314
108477
120717
170076
413106
346856
134534
86959
208094
455325
78210
325244
253983
298136
399490
191221
18609
7049
449152
115853
231687
249547
73826
241056
245767
302540
301410
179804
2422
139204
203979
163414
340812
103736
255746
293178
385116
412508
406784
33189
258120
347728
300059
296866
68470
223150
478815
35840
105298
67175
380306
122992
392466
345528
250957
399362
386224
91189
119021
86957
223
158097
156268
270352
435053
54029
287611
479265
64256
130501
231222
343333
27375
30684
306966
196798
66506
84921
355032
447785
260972
296372
358018
435093
268045
8759
172821
404470
160890
254673
48636
473776
243814
476228
398572
302169
349213
22703
103624
242685
398242
127787
229516
127674
441274
94922
349559
53664
243368
302379
371163
466123
367149
319803
368973
237161
73480
246257
290391
36725
229742
62471
99379
51077
284047
387683
478968
443847
413645
247922
374935
283572
465349
423932
299398
38665
367731
204632
269378
51704
413896
197322
121736
41736
294769
344450
430012
297674
300533
94798
144488
194845
432250
192405
456238
352180
109547
300943
204034
124981
437233
42109
484607
235001
427897
447495
170124
494448
466729
162333
15234
275828
360767
337093
462624
58702
107282
16169
184763
81951
113058
96623
218685
170876
410628
37815
108844
235002
78860
490203
368016
425395
294892
372362
205190
151852
440494
64400
249853
77728
96652
216416
238583
163013
108924
422793
245455
27376
98196
24159
179575
365910
442672
296631
410189
49211
383673
64114
208739
317451
333688
491898
266604
477540
356140
157467
464363
432386
441961
164706
359932
296537
336448
386535
337112
25798
479353
340329
180070
362905
45297
331828
290853
17781
341239
52783
269401
355604
117437
8263
338762
426669
423848
361084
31540
282063
191624
345443
139250
400214
388572
201362
349289
43188
257230
282068
95164
157703
263215
62376
88522
349456
365170
453490
353847
206295
407102
231216
275703
287788
422962
108717
420832
99595
143252
414890
14946
424836
282836
6356
335512
303217
114309
181081
20834
25989
4524
482961
461275
139733
50633
38492
38180
285460
213906
352106
442522
499498
211871
105871
259922
171389
5474
134035
109547
125561
283734
398515
71790
90542
497824
389547
382717
242089
353737
178339
60834
410592
260689
2578
437752
358491
28780
247475
60141
120859
90514
173120
192472
312863
470378
9551
437732
5395
477635
3877
65598
341939
192103
366768
101441
22255
467201
491082
241485
84339
103689
75278
57132
232962
118888
127794
279495
258403
208028
488970
300885
243802
104433
388143
340903
134249
271605
105091
371281
17269
53
347270
408083
456347
189425
170653
390092
170111
295467
218744
329377
42988
344562
190747
445223
415051
489336
363891
143373
262010
75360
333176
423801
444819
50233
264386
81375
481170
375270
18980
246024
231283
186303
354375
18769
436230
69065
475381
389209
296341
140542
185881
309130
356748
185338
241768
198393
402936
328732
144172
478265
28725
152901
299257
277946
238389
92650
369528
272928
173569
95474
274189
261613
6710
211845
290649
235615
88950
132195
34999
177820
143886
10692
164481
330812
269891
424445
464529
330903
292563
236030
113603
21243
363818
130829
180877
483317
495709
446646
100745
93618
276424
477254
482971
428822
406161
476530
147972
174990
58625
15551
138601
360418
364825
25055
316303
376405
276590
35210
99333
145498
493306
53583
39226
330223
433462
26069
224174
309317
99648
6740
129917
439779
29666
338062
98857
84837
362955
268037
310683
13146
498285
173616
66216
179793
388908
155724
398997
318612
482503
108700
15132
62167
398194
459660
311324
491032
145325
310215
169527
331686
21097
327364
239164
427615
289393
249888
260868
344345
192771
183736
226631
323110
235012
261970
259441
44717
264741
236644
407003
190349
456212
193721
285850
212951
37853
472760
163819
334941
255291
308675
302680
443261
260624
7517
470914
475060
454148
271217
430301
472146
461591
65805
188654
23693
25689
171404
333600
432284
170031
305067
219225
416454
33139
480253
421563
450843
192174
73780
333217
88526
248221
299937
367061
277584
462957
188613
302208
385032
152112
272960
59231
183843
289489
286222
495144
380553
207273
388406
272380
442323
163095
327636
442927
239155
146544
427070
476156
50667
11369
484608
350387
223589
281164
155824
420647
171903
321828
20156
68779
75039
221699
17884
306009
477472
277651
79775
449961
10864
279823
308280
495948
488253
370017
340362
391733
455971
15913
450302
499576
473378
251137
99284
320790
422599
294185
276893
183223
227567
65772
350741
95366
115801
441434
244259
68873
191141
455761
408729
305173
300230
359256
433213
152875
82214
447673
38889
28269
67455
444281
169328
409405
283101
15380
478368
146324
66986
235221
459297
91080
475215
320775
461482
104466
35798
344633
439624
115462
291168
167146
268234
325167
345055
204859
179670
436346
358390
118326
279766
62430
344972
293415
62028
296709
92018
233041
336779
374494
465757
349806
105963
332935
101651
44099
278872
34275
459640
415197
74009
45670
360481
457225
181918
397599
108731
182440
143292
248204
177285
72152
414948
406717
185107
223930
355946
153766
261197
125587
40427
281163
286973
395681
96893
152781
359621
343281
22383
160728
353588
357601
45798
264349
59741
478673
463253
8083
81426
401417
347718
167544
160508
401636
135259
93489
471075
137640
253285
11497
205484
334899
302581
115451
403441
156193
128126
77329
460619
336025
7
415411
341782
235666
212680
95077
50259
367741
132452
188281
353083
438528
328855
366142
198985
477518
57731
37103
184556
276015
41580
261770
80027
441512
232854
50565
232456
95180
71098
344013
67374
471919
307351
19550
149933
59649
11075
433288
303270
491811
225257
428335
329129
483965
283339
33067
145157
253868
245592
374137
156771
292832
420002
451623
168767
188956
418643
159966
477010
103790
304447
499570
113202
387543
477210
314094
45605
57812
240038
450476
45574
178315
461856
491528
385763
344656
317732
75489
251902
9514
115688
22233
53328
416308
123955
359170
289295
200044
122555
333955
416787
374294
3503
397566
309691
298316
379763
396919
453679
191797
219601
409303
237767
257987
443001
453150
11654
195707
392235
155898
67205
307875
224739
77996
296772
96382
195192
289341
48043
365404
350463
491997
379723
44214
419218
302993
333996
13710
139684
107417
255576
285122
196613
381264
63616
434474
217867
420309
378310
427406
322984
94696
276902
260052
63042
172343
86281
426412
444405
37064
402331
339019
100901
222509
10353
48612
288744
456581
157443
152360
499053
402436
453408
57359
414415
27180
456933
323774
14469
468792
279921
404330
390419
470488
41993
18144
354663
459917
218972
191293
141086
410693
464797
152868
408778
409409
310795
164408
107755
58235
55107
456538
451414
314081
342750
129653
427896
277024
292882
13623
123845
486255
294655
195548
299802
140368
397831
299407
388435
27405
15778
146140
255126
316489
305948
418060
117883
275431
31139
397771
491215
17840
448491
203216
46602
481259
109096
63273
200599
270043
81902
22820
278102
265050
464252
327219
30119
72754
155649
340878
312726
463126
353853
284704
483465
331672
420558
321116
33694
156449
411008
420460
135020
117615
487497
380680
47945
455068
232947
458388
263718
325358
261966
302588
450388
287024
65827
26917
212829
241338
124565
340671
188578
189733
430496
334651
282731
369034
59534
349419
102443
43069
92106
38460
25187
147840
97646
354085
293563
353479
35576
112793
143576
41703
284830
239449
102578
285899
86641
224096
321029
495908
389083
101804
433174
81308
483605
50795
31167
392544
261368
87814
497414
299008
245955
342339
453333
210256
365604
135998
275644
426052
291760
109644
363616
12995
91303
267680
106097
440904
28530
379417
133521
137582
470620
468140
332667
451987
296754
470923
384195
149634
109909
459908
56135
181436
204525
201269
453157
229780
395625
347017
290564
287874
357118
21751
240544
483874
473208
396777
205155
191290
371285
471449
25916
413099
233476
9918
246673
117558
353194
193914
473779
422306
358097
375280
271671
169109
416843
268446
55083
174617
374638
148788
330422
448445
280794
413294
41068
309689
75706
213110
100937
38447
411243
423948
370863
167614
178729
288336
121792
251494
57324
119587
53499
95102
78325
438482
319381
87032
341156
363151
220295
321561
483239
105708
15684
282171
195100
249708
414192
173365
274200
295160
86448
207190
273745
326582
124510
46532
167310
108028
441476
17002
497410
477433
194795
498647
219539
376585
240549
257081
335436
1092
200508
4332
416576
89445
124664
118511
56447
328620
206872
401550
348951
127963
72794
486661
51867
63960
376401
369429
60172
50575
169186
262518
298300
357359
245103
259603
223483
285004
468885
295064
303222
112792
435449
29316
17354
189822
132318
354498
263327
98270
222034
364439
429965
420810
61590
349336
16559
341968
142473
209819
321160
476890
252916
185444
478180
273184
304665
337750
491665
260019
7431
220746
92293
463997
99254
418620
360317
304554
488311
100983
322702
148381
150815
331526
234293
272379
29918
197160
435157
176173
393639
462238
224449
373594
170196
363207
374584
359745
194439
311719
41332
492292
46360
283436
86511
105463
171698
84042
407582
197041
301778
312915
462812
279558
142628
65708
287998
348407
230696
276284
28184
226816
233693
53532
493875
165913
131140
409503
265209
12021
104883
212678
339025
453188
124648
92143
44796
374456
134950
328620
202043
340038
287042
369952
139800
218385
459554
129655
8201
339396
216551
162529
176468
360609
246536
137447
10490
433230
75802
25787
403763
398037
457142
353848
316850
221675
63226
370813
308262
314714
101287
141058
499891
237417
416513
102200
142413
135262
52081
16826
248645
423540
16753
151976
319003
440627
393426
334792
92444
450806
325396
363756
271727
195018
130715
207218
5867
212344
305010
303779
484033
84536
251407
433411
47141
88383
401939
395345
6542
252929
85954
223397
9957
251236
461671
419569
493689
448713
154748
275467
12666
3851
126774
85941
496642
114734
251434
301458
461435
96499
120126
185678
432770
389768
383112
259040
228735
308456
390860
425275
93504
450361
127506
322437
195006
75848
327020
394382
267546
275302
422897
263233
30411
457316
238379
37409
469354
273484
401189
177099
229062
53915
125401
423231
103191
192356
364379
122617
305092
291102
468687
205988
233393
107480
305157
14803
171447
17790
234377
168489
341791
72079
465536
234359
361703
462298
346912
434190
281517
121830
452905
483812
313830
320902
481245
53627
180792
34035
388087
100582
276332
1905
124230
229836
224735
376693
294665
141107
129754
265766
238870
34797
421041
405615
238379
120596
352787
124977
436768
246878
429337
472633
339960
27345
433887
204283
342715
120375
317942
305085
465640
182071
315957
119200
131855
84626
487165
64499
484511
398427
44567
124586
268365
406873
475061
211798
351500
95228
97477
131087
17799
142210
393725
7263
223546
42578
357050
18707
98678
162630
305666
259455
492947
359735
180262
20074
27594
365999
463526
356245
248451
278262
165031
392332
483513
163900
35017
249484
238300
320305
124881
392754
373339
431902
428953
492933
197546
253942
313780
2784
63614
7330
99225
175801
409844
180708
322731
426817
96811
132596
277065
397918
77792
203099
423671
427189
324160
294690
27887
147085
338527
152032
232231
60887
289968
441563
68481
346728
66681
202662
252907
387426
291794
156560
356449
101327
378037
200335
294767
352032
8145
315755
313106
146651
260902
273869
338670
285408
465797
412476
454067
351581
63659
187041
101718
183584
154582
118164
298970
253504
264540
34738
122834
303449
329279
281492
254363
201121
113701
302548
277788
344950
412125
444124
490107
50815
284770
57438
213895
497427
174200
253259
109728
180804
279526
299244
72288
329372
240858
99362
407428
16257
185718
269603
196839
280562
362530
68387
303651
62165
208507
393345
128925
360001
108354
253004
301537
408322
62947
307400
290075
498725
58150
65627
496320
450698
440189
204299
269653
417324
129726
132922
411403
348688
246577
333367
113574
238209
62592
415583
419974
400588
422243
329622
388673
135016
71564
128997
62614
202425
422902
330058
427789
101719
274936
3836
171687
292661
149490
75300
345292
440805
2533
409177
283764
103960
82413
134519
273300
460897
407563
351590
148361
55813
195044
9264
149893
494327
159136
289030
436537
448940
227989
388426
63670
105981
332822
435232
227039
101186
414463
95461
272658
362037
491379
398283
403899
154115
76571
436795
480626
176936
217860
185201
473570
47375
483824
396015
299942
133564
113129
70068
272796
493764
291587
362855
159237
339327
45405
260342
420781
340920
166439
55675
239172
140236
401542
4780
28920
286059
471929
268367
386192
3109
397322
208923
209014
20855
349831
176672
196862
373171
2268
467283
291451
284013
353862
366749
211571
14501
206163
37597
412597
155491
124882
114182
94923
331269
239731
224008
77852
260051
191468
313772
112487
97646
429519
87172
10774
395992
173465
17418
284794
377807
185958
207967
22236
445267
423052
424671
348693
205496
84531
198467
329177
492963
373227
287006
185996
382046
262472
357617
402704
361980
283210
101995
273699
323068
51388
421212
458104
26830
348409
393326
442663
384180
467560
197021
376108
161020
190943
193681
55140
148846
435005
478360
488222
440857
313580
444115
361261
324183
409096
131536
368659
250026
394270
309355
182273
453501
148489
121732
7171
365647
185608
294184
315732
174363
337191
468481
130434
473983
171715
438085
472039
316893
162624
1462
179334
145771
69521
423125
476988
304886
359010
6443
246026
228172
429711
67533
280991
317699
273022
408751
251443
283537
48353
223708
308317
62197
464184
316426
411957
493992
262602
444169
73307
380226
424499
397482
223608
219895
404756
62652
359634
263640
57422
74724
89309
195410
480982
137265
362860
335553
236995
301077
409692
122603
177900
165190
462059
261146
211473
84495
292233
196074
326970
142504
208540
69396
76757
477084
276725
62587
48642
391699
277168
214049
127052
69415
369388
491451
109295
24651
194432
477643
48524
382720
247166
54714
70210
256547
194418
161487
389724
137044
100383
227853
194268
192145
467296
444647
60346
48101
404849
382492
399802
183427
225399
203333
468213
327898
115085
329614
214137
492995
322311
377167
189371
143784
453102
131778
272236
219627
61552
264252
249156
66821
133429
91161
478268
85159
75976
80730
427531
286057
70437
38232
230174
467187
78841
493655
394333
438945
16002
415981
324964
382636
311058
442378
103237
412524
285519
401402
280719
275715
193306
250647
242604
491873
116743
362531
426944
413958
447740
73946
399406
31629
482917
59370
294635
266597
436584
67449
130674
82501
50733
323998
245129
157694
290570
157389
445831
122899
84550
303163
440587
241634
382889
115537
31210
454722
207069
24013
83318
193737
319290
26203
23930
315977
221798
226043
280498
483579
370859
251410
384021
212753
176555
489493
119290
271861
119893
473657
384467
152487
116193
202041
296972
235441
174300
327555
280905
268017
131116
197951
274932
137531
319588
106561
437889
398662
440713
194103
439520
109776
101894
115997
70753
499493
346335
415589
207292
329419
466376
154552
456453
419436
366390
317491
446913
251066
353752
440259
393880
59276
56357
377195
1354
75817
79817
306175
18278
278233
90668
425378
113857
323649
36939
282547
135401
377277
330146
474912
450151
88196
11486
257256
476584
413266
230676
301837
158430
204643
260468
136652
429936
64979
102755
59932
90944
281523
466945
299784
263834
385514
118442
440863
125158
105782
399004
111484
105935
122484
108852
134208
89241
455309
50090
135659
110190
496828
173240
243736
389925
353195
108798
351935
17074
426717
96007
430470
322930
48732
211027
116714
1809
180868
29994
290405
466302
294575
440297
438888
92919
88214
19999
459853
284913
366260
440230
93995
415283
163517
474369
27991
58049
224288
38253
461696
247278
160258
141884
182682
376767
90231
493285
189281
47573
444173
212015
149355
255364
407617
359523
342960
385190
476304
378453
225496
463382
251155
418422
34560
496519
6859
450017
175957
217157
212073
384684
369855
314286
297938
245590
39785
387206
300565
483341
481782
12469
485272
149704
235794
272940
169356
371187
391781
42340
208095
43783
336985
57515
235262
253313
404658
214768
435893
13319
343404
139526
348991
128558
121272
484384
328091
146506
90855
210460
473285
272896
48543
75135
144856
324816
303147
107842
44908
78628
272501
391838
467281
446565
81723
26414
347984
487897
293403
70614
68759
119723
166526
292089
305477
317366
175674
423649
411188
434303
142738
162281
222367
274828
58634
100815
216338
157771
41857
164238
148502
112871
471023
198163
403237
245840
63612
486026
42280
379107
144686
286678
373832
390363
287329
86753
91448
146184
101723
89192
269206
171948
173715
303077
393101
351598
450516
172114
469861
83132
17553
152077
491836
392651
316647
249341
7418
95332
174305
480233
91504
69692
46046
98588
246417
260960
136898
297018
260616
329755
202388
487666
176646
415091
418151
260110
361608
382176
475847
142614
125951
246169
68123
63146
30820
158613
444152
394507
129814
261335
490943
8876
117407
223556
280186
29913
346201
21182
25062
95982
330376
161753
11282
247835
191730
368831
396309
376609
16023
157129
144066
92212
154589
351315
486409
151866
378259
183669
45600
266688
240721
496838
119938
192808
117072
103675
436229
261378
66198
356113
76346
248742
57264
4330
239577
132042
433043
214969
131872
58619
285928
84616
453349
184352
182776
462247
162573
625
15921
67057
146024
176428
85466
372342
356362
442351
302509
169391
333939
54217
183997
57688
120750
119597
107370
441282
318921
181473
171911
55396
86583
480083
95200
414394
166163
241323
140854
221006
108446
296704
215529
466466
142469
55015
472735
219522
75046
293601
254275
53383
62386
284407
374554
293121
7824
8663
12777
325215
258167
157580
268244
158331
391159
158068
482444
107355
306088
384683
33546
144207
350548
121517
8787
387187
327713
191260
341916
22464
363483
259807
359506
237016
364715
21810
297618
310734
456377
249417
108584
270131
148698
301928
340332
121248
220833
464313
469601
75079
101322
215763
498528
301254
116889
470564
369622
281363
202742
8088
334947
403848
87188
423702
280696
419550
132018
187348
96660
435506
495632
88994
480036
215000
383448
391594
130625
77041
437775
259132
183302
38991
422829
104444
325306
308110
69394
458785
168076
413303
456319
480106
390174
467647
214989
364909
175577
312282
424273
135999
447914
45569
375145
316167
298749
132612
114375
208745
382454
62494
437783
326076
146601
238764
40592
134318
333416
228549
322540
490910
221701
423601
319484
305166
255128
321202
100949
209411
365974
96527
142809
50542
221580
100180
420020
404283
187048
120674
308353
167892
97758
238256
155507
106285
193125
337425
404181
8342
81412
4346
99894
314376
62745
68066
201731
390535
346684
454983
218606
62880
255104
243335
185554
47915
331595
383474
201966
97188
172392
309051
177223
331657
463154
452421
315894
470598
146795
127869
65226
303955
297531
213929
116952
392084
333353
138664
435735
420571
208075
139521
485818
362369
107632
200765
424187
179671
454122
384003
224130
303739
310897
425109
488612
4146
31347
2376
26362
236359
221996
250669
71765
418806
478671
349417
294775
16501
391872
16251
301836
210780
262104
411802
321911
42385
57432
39292
458709
308137
229922
229480
73120
445358
192698
198111
432310
346792
179248
136874
325703
330625
79647
24697
82393
73350
211397
129719
162888
347400
469496
48849
226532
386751
343631
480811
493938
319616
272565
457639
307999
376309
94560
181884
206813
123140
306967
414835
456677
497929
328211
488372
83800
194002
17948
398166
31550
107235
102225
418481
446071
341174
436395
372788
416874
410504
8506
389754
301869
29027
408020
266820
270203
351548
5845
46169
458464
440241
489924
353508
128382
484674
152101
385828
208083
258621
318741
487195
269494
453402
189235
5699
113059
135470
135843
299940
320087
233132
282121
261937
490824
58365
313950
342374
499173
81078
237394
122442
333334
283565
280987
150714
362756
76999
289011
170721
420417
30388
367232
458221
333172
126832
359780
490814
3059
240059
5202
216073
67472
19121
342728
378570
477531
169259
485037
412005
171860
136523
334718
34858
140764
270587
282887
487990
