829
17215
8043
15141
34596
47446
44637
6307
30587
14184
22433
32430
1265
42823
5936
24595
27659
14151
43144
32128
1190
8316
24006
21169
32614
12910
34935
26949
13760
18481
38075
7098
30110
21476
22517
22373
41498
45807
33088
39191
21570
30102
5786
28307
8406
47229
12927
33885
27691
15632
35020
46745
33057
37626
27706
27154
39379
45523
30922
21134
30705
23336
23314
10685
429
34111
33549
36853
39289
37442
6478
1700
17235
24476
38765
49315
14465
2076
14586
30436
5467
15415
5327
24922
16626
21783
32882
20643
14759
11961
26205
49659
30934
4454
44662
7652
15725
37925
48325
35290
48193
43745
19078
29727
7131
43216
11689
16046
13358
4559
47577
22826
42629
37675
11588
20422
10659
2742
15453
31877
7458
33082
29712
30428
41492
2755
37367
37906
7000
18232
13847
27215
47150
40552
10109
12314
21316
9506
43265
21629
22892
49959
2996
39509
34226
6596
28084
35400
1091
4457
505
23233
39101
18084
43798
40039
45382
48792
17838
4864
9321
49302
39377
9927
15524
8568
15923
28024
28986
29342
8819
6954
5533
353
39614
16226
40291
44081
12896
13519
27079
4924
4026
12558
29765
10545
22969
23600
13143
16006
46032
36691
21194
31375
18852
31721
22479
19999
1091
8050
43668
22998
42058
36329
16071
14491
20610
42599
5800
421
43347
34089
32504
34914
40679
125
38861
9209
33091
44657
25529
35474
17460
174
14610
9269
42435
10535
22798
3475
29278
31417
38117
34136
18179
20561
22358
9441
35387
39660
28688
48845
39505
18768
2453
13841
22884
37336
19969
17541
14865
36311
18353
3663
44529
23508
25018
9601
33215
36144
34246
30
49745
44467
38950
29714
8448
34540
28687
4382
35846
34019
2184
43661
26004
12044
41109
37858
105
43665
38469
42066
34682
18459
37018
47513
21694
42819
29621
33155
15399
1120
37729
22883
21173
519
22421
41639
234
8723
26337
15554
36518
7243
44751
31967
8561
11988
30553
20359
38726
24418
9225
5145
19215
6271
49836
32314
41277
1263
39386
33039
30682
26084
43616
15004
3190
48510
25795
34665
21455
38613
35978
30952
25147
39701
32728
33008
35726
3023
22871
40971
41940
31966
43403
28283
7344
315
13624
34330
14251
31555
21376
33112
22385
20839
10176
42205
5718
40415
49667
9100
35751
39370
33000
22962
49761
840
29595
26624
2621
3487
12381
16668
44033
32100
48069
19952
23340
24867
20771
15984
33651
5560
37601
47747
44479
3751
49640
47011
23537
30918
9466
46828
36481
10846
19859
35945
2785
34069
30136
17576
9701
16846
478
10882
31468
13798
39229
49226
23817
8292
48715
37488
30197
15736
6423
5505
9746
32579
2205
23689
40385
16184
20713
7990
10903
16
42639
29793
46109
5693
38567
284
48694
6114
8126
40083
14949
35047
48301
23621
30229
36045
19088
39439
5506
28604
34506
18465
24487
44671
43496
20329
39152
20914
1200
23195
37870
17394
15261
49666
10392
29619
933
4287
29158
2054
30132
35852
48446
26032
29835
18927
49210
23435
7263
4346
43561
31075
36125
24973
44343
37924
36211
9051
45712
45052
28719
47479
7504
28324
27451
8923
22185
16219
28164
5464
22749
30537
32080
3759
28110
49149
45761
35820
8182
24512
40643
21696
12217
11121
10603
24295
40889
47970
20172
35485
5678
45890
14129
15230
20715
18205
31784
15421
43899
35876
19220
36365
29703
35646
34961
23529
13784
46961
45273
15570
38088
16655
27517
44539
9104
4815
27962
31351
36326
13519
28513
1052
9261
21897
25088
6585
43421
31417
14872
15812
43698
659
32443
46769
14154
49361
16580
49229
26811
47888
47531
21757
18492
42640
19134
12770
31713
33221
47472
23629
12681
48629
45637
34329
47695
48317
1406
22352
44973
31130
5913
42634
12512
14254
29506
903
43021
7448
31105
17307
23827
30934
34795
21418
42064
33316
19281
9933
10052
47575
45373
1210
21143
2422
11276
15172
9364
1081
45473
48609
16288
44078
6336
6294
16973
28379
19753
39702
27531
29520
44166
37205
10453
9295
26469
1840
20071
14095
46147
23300
35720
36327
42437
500
19234
41891
7568
24171
8795
38970
8199
47420
6418
18121
17772
17425
27119
16954
6769
16361
1210
10328
12507
14277
20612
5567
23135
23652
3931
16171
39971
25525
12250
20619
38453
36426
4409
21691
48999
36906
9342
42566
48257
24129
35580
2244
29675
1310
17292
11267
30434
36023
6097
26975
15035
1654
32299
13062
10832
2464
38901
18638
36051
37603
3784
49196
5202
35936
24571
4419
22108
10859
28017
32648
47710
20750
13868
36463
44083
5302
26242
24671
22726
5375
31804
3851
19083
48556
11719
1481
34848
25484
5593
17735
32511
30791
47973
17461
33341
41635
37778
48795
29049
5324
48248
31125
30785
40465
23472
21368
34603
40211
35700
11389
5083
4130
10938
8836
13319
27673
34537
46212
30667
26252
32328
30036
25514
35235
47609
8584
48704
13228
12906
24803
11668
23043
37217
9561
22718
41016
26626
31346
14877
14374
39637
19631
24501
35950
3146
48879
46408
3293
7561
30221
34271
27934
34919
31401
26954
18538
40673
29882
39402
18926
30349
5341
26031
47496
42161
15509
20433
10571
39965
34615
37138
34739
40404
33970
42251
45186
31292
7538
48706
13430
42493
29768
21422
20009
11866
46895
29453
26020
5150
39387
3157
22466
32170
10735
28604
21108
14484
11081
27239
15771
49708
1386
37783
9141
25991
44017
32471
28736
47082
16275
15967
23352
45502
2506
27414
13901
2129
45511
12675
4771
29424
20801
44367
30119
19725
40621
44927
35736
42029
28510
3305
23379
33637
9707
22634
31824
28746
26209
36578
6793
18858
3586
19222
24123
46992
42331
28521
39741
12344
26140
21747
39432
24022
45607
35845
6242
24388
42933
32079
2273
21172
22721
47877
11782
42611
11365
33060
18014
21180
31383
33387
9093
42665
35914
4882
714
31524
9072
29715
13792
16742
8813
37368
1705
38146
17385
22396
48161
17023
17256
3150
6219
6698
21785
42158
19332
17619
30600
459
17876
4711
1217
37410
19111
49401
7229
46202
8178
48059
26405
36247
2276
35604
48922
19061
36240
6978
45919
10250
10015
14367
32572
5010
43594
21308
10224
45848
46705
24965
26840
35274
44555
30799
30578
14304
33785
9692
4052
21850
1661
39363
43817
35104
32974
34127
27584
5948
10400
47294
43549
19659
19573
3482
23277
20213
24180
17508
2475
12787
29110
30672
32888
33750
35132
44051
935
33590
6087
231
38013
19510
22792
44223
44899
48178
10799
21731
45837
26875
257
4426
44575
33131
817
46848
11447
15725
45233
24923
21110
23361
46721
18922
39067
41675
34481
49550
41191
5220
1995
40371
16831
8084
28801
24832
37444
49729
29764
39563
5358
27172
37034
46980
40775
14412
8666
18333
9240
27059
44000
47880
44296
42601
26517
432
35299
14293
39420
44233
1220
11010
16618
22645
19382
8265
45618
34544
23360
38985
25006
13461
10819
49224
16992
40375
39362
31246
2011
36865
25827
28200
49921
26470
48723
635
6391
27697
49569
36131
33901
6500
33610
24906
18760
14
28362
44820
2909
12141
22715
25279
16107
45205
35623
3270
22339
27010
30538
36103
46084
13830
21085
6437
38741
21573
35862
36695
18581
9666
9993
39981
5677
40957
36601
11639
423
13965
11768
35719
20566
40932
11239
10996
18742
26738
31218
11634
20343
16741
23190
2904
2904
35376
21478
44078
9202
32737
1479
45135
41135
4802
11700
13373
2837
39225
32009
2642
45534
10195
25035
36582
5319
12656
22530
17862
6837
10738
2529
47952
40985
43870
26756
5901
29023
40471
33653
5137
37817
41616
15579
49954
6299
10846
11297
45515
36776
19564
5071
24690
44695
910
25077
1343
33009
24343
37863
35619
10640
24663
11662
49597
23162
3110
8870
47231
48096
16046
44670
21620
18638
44767
35298
40813
24492
5649
48896
23684
988
16167
20654
8088
49419
31188
35167
10775
46587
27419
5340
41383
47473
42198
16614
41825
37659
9302
2303
41884
17820
24371
15806
39838
44087
43924
38530
35461
3632
49852
10483
12589
4182
12781
46918
5485
27284
23336
31604
12904
540
24425
26266
10727
36818
47683
41458
38326
9026
37163
17042
18978
3528
15822
35621
6898
44011
17443
47829
2355
37091
46748
36720
9363
29561
29404
47678
2629
36100
563
33451
34308
28968
16938
17338
23326
3648
49050
45442
29165
19080
3380
19624
278
41629
31800
45122
21174
23319
35188
48643
12308
45933
16068
39368
18618
7168
32599
9909
28542
44556
46840
37765
17607
46503
17538
11380
24483
41214
1973
40486
17024
6640
27146
29154
31854
7983
21252
6958
35008
9785
25868
14744
19087
12828
35322
3653
19462
46229
31965
20532
38650
9664
8047
49411
41906
40532
13545
16928
35428
4792
16947
27560
46803
2409
6122
40016
4541
33561
8165
12466
28189
22343
40264
42358
18433
37094
26755
9064
46253
15985
31625
29495
38388
22081
13324
19403
2729
48870
10001
31491
45821
34796
26325
31778
12324
19085
551
19612
40351
4510
49857
2268
13010
40651
49957
3091
43807
32266
38935
34120
36514
6162
26279
28671
10769
41642
15143
7343
40519
7963
9106
39012
41193
31168
19537
17518
12798
19956
9197
12216
48711
44447
32995
25960
37447
31490
28840
5511
27933
3394
45655
725
30973
25968
14271
8419
48710
25540
7976
12873
20697
18808
16487
41025
20901
32627
33536
10702
31380
5512
22732
21291
30918
43908
21292
14139
6969
46627
17085
47458
25347
19179
36334
16804
30890
30516
8948
43914
46724
3152
22840
36009
16102
21077
18515
5413
18667
2885
37166
25191
40591
88
30048
8394
13291
16188
45341
31872
7753
31582
34638
24094
36384
8732
47142
39956
18638
33530
15007
47619
9139
30802
12241
15103
25747
12521
9576
37210
35920
45979
13978
31379
33907
42829
28724
31615
9646
1273
2862
47051
386
15669
27395
32069
2538
39104
21930
27587
22060
47798
35109
13016
20700
44419
32037
6340
7184
2501
35850
785
33682
31359
14892
36059
37740
14398
1993
17251
11037
28327
27473
732
41033
15940
18331
5327
49738
27335
33787
4288
4493
31267
12327
47856
37347
26473
5278
14142
40001
24065
27171
27384
25963
269
34793
10022
8532
32749
35239
12806
13453
28441
16744
29792
19727
37086
41401
3631
31348
46428
8937
39782
8619
46071
2572
11731
44487
18073
26152
20851
20280
38715
15630
40181
49729
15118
16025
25226
13125
44863
25687
49470
37009
6244
31975
23130
1967
49260
40268
24437
19625
30344
18061
24169
23316
16871
41282
9730
46658
9372
41526
394
21997
35212
5767
33954
32486
45309
33897
7740
39162
17437
34800
6112
35208
42054
37020
37008
9855
5603
818
29291
40842
19869
330
3783
42519
20613
7276
30033
44876
19515
36153
34547
12199
12486
39766
35184
27354
35173
30355
13110
22313
20694
13664
33583
4517
31107
34409
16176
7301
44264
31825
34281
4943
5876
25662
16409
33895
1948
5610
33277
9477
18745
9657
28953
33776
29538
37207
7394
8831
29683
35653
26950
12163
1020
1842
14497
10832
35527
8716
7892
11224
40530
8052
46862
13712
29752
18792
2089
5560
44249
27674
48639
7566
48356
6647
20418
36276
18383
41086
46785
9731
10849
38640
32288
38242
39844
42060
23929
12660
45477
45967
9767
4478
2994
26728
18743
37412
20553
30653
3820
4792
33926
18573
22731
10577
31946
3881
32878
20223
6970
43611
39300
1206
11558
25480
26140
42047
47998
4527
38595
20089
24398
28764
27183
49181
31318
36332
38614
27761
45480
8574
44037
4688
41237
25248
47558
23761
25636
1845
33775
41613
7129
44530
421
33761
3428
7446
8529
39225
13012
32324
6253
30266
27103
12348
44921
41305
43860
33826
32777
14649
28201
33336
17372
34930
2953
30394
29739
4477
40492
5052
15588
41382
16245
35858
26503
15891
15920
11459
32274
37893
18480
48766
20765
19284
28189
307
9707
12054
12801
48687
17519
19625
16281
6191
23562
26915
41806
39441
33549
19524
11124
18591
32550
24785
38564
29899
14169
34620
35612
9134
34147
600
11810
18479
30468
23020
46673
22727
38615
45398
28110
9554
41680
19027
22373
20646
26241
41516
35581
16293
25928
33451
21598
40206
8310
38702
26823
24408
2647
36147
29324
8103
19608
49079
37622
26408
49440
45912
40123
4164
4516
20141
13688
34867
21413
27633
12881
2651
13821
781
33836
42374
21871
46971
46303
40090
15032
1005
40481
41720
47862
6011
33932
13463
38399
5186
30209
34914
25448
1054
27153
47433
15752
36450
4695
18559
39636
30403
1047
12196
4434
3292
27257
37771
16555
26575
32668
13342
28501
9912
46502
2234
4090
42662
24990
7453
5545
6803
41056
2741
34040
7913
40076
32506
16939
25786
23541
5337
33732
6224
34043
40469
23594
24142
34291
43139
41265
23135
31338
42702
10419
32372
16570
32859
21401
44668
48717
36469
13748
13249
36917
17339
39183
44588
43244
34029
17854
39005
23951
2270
46555
39358
29230
25140
7715
22709
30484
1008
39849
49209
44265
39238
37788
13159
38851
18589
40873
33197
18087
10813
43554
35848
31959
13583
4514
45079
28278
28826
10226
39647
10905
30185
31335
1069
25881
18083
24851
47090
4309
17431
16356
2241
19679
6487
41545
48384
34442
34094
36392
7025
17470
219
13399
37701
25227
31942
2165
41598
44993
21025
29421
12149
8588
43623
35531
19924
33859
3965
11919
12538
24986
17915
49485
47532
12879
23616
15813
13094
28847
3685
26682
45706
32056
31605
41267
34880
6899
17713
33822
39544
20725
38578
36515
43499
26217
9105
9798
29229
8893
6251
38870
5787
31339
981
15345
9975
44890
17030
26635
15401
45925
2612
21434
23860
21529
17314
13253
35634
1413
6965
41623
15131
20188
24551
35333
34032
17247
29893
3209
37723
25349
28215
3454
45354
33226
48553
14172
33314
39341
12145
2271
5698
42300
29729
8977
22501
38317
22055
48788
11643
25878
28287
41142
49919
39664
19604
41259
1419
44863
17898
22792
30860
20664
22643
30745
12005
41786
5221
19702
16630
18656
26745
8131
24580
31560
28618
43265
44967
48349
8137
37568
15710
40060
24991
1308
12908
9831
49012
596
35671
12397
29972
1409
14530
21796
17801
39603
10312
11665
32870
15718
40441
34653
29998
41068
16638
8384
32611
2349
978
20249
4371
40411
13778
6628
49740
34502
45323
6025
49861
1602
11341
14655
42345
19234
8958
8320
26723
9941
37674
47112
17000
47927
22872
21690
25370
29656
40842
5198
14306
379
30519
30392
41317
48763
44892
18567
46969
6968
46429
13629
38143
7832
42742
19506
28163
36929
35253
11194
43514
49182
40654
23115
8712
27237
13349
7526
45149
18084
18096
20749
13152
22057
33616
16504
37485
49270
16971
26063
33483
42443
28784
16343
18424
18314
35653
10497
16545
10350
19553
20970
11198
25956
29088
29453
40826
5089
4652
24649
3527
22696
33612
30735
29413
19809
27906
17823
36762
7339
40878
5992
34528
2249
45126
32349
15648
20060
46794
8483
1289
3852
40027
19974
11174
47444
6536
27564
32987
2893
45024
9983
24420
29730
22678
9622
45311
30238
39897
19217
31448
10254
17045
36798
44156
47507
49266
20464
31530
9424
40503
15589
10414
27084
5341
6887
42955
28240
14759
30835
41333
19135
41125
40113
35160
27573
42691
38499
37198
6285
43735
45965
25359
46108
3749
39434
38398
20072
20563
2383
41921
37877
5498
38461
25583
24763
5228
25579
13358
42085
23436
49803
7606
32972
2717
22376
25178
2203
39644
31389
28818
18366
42725
30615
25031
26036
8403
49727
42709
12920
24379
45967
15143
29344
2300
25994
33448
4257
8430
27823
34513
31102
6737
20720
39870
2920
42938
13981
44782
27052
2860
4646
10067
42822
32645
13917
43747
43740
32231
30007
21020
37299
172
44765
40028
33724
49965
22896
27943
29383
26061
6429
28326
48289
33100
3062
3692
1646
46221
47253
20364
45664
44508
19938
20125
14069
7658
23218
3173
16312
14303
21159
26229
40306
34533
43106
39281
41008
34956
49058
47084
2022
8098
27995
5677
41008
49128
30720
20684
5737
11900
23161
49645
21450
10490
40504
15985
18396
11881
15124
12264
31790
10
133
15542
18666
40050
28813
24196
48881
17530
29143
33212
48549
9347
32488
43272
42254
23942
43586
39150
23039
27366
42073
23226
14315
29250
6528
18229
46503
37535
43186
14668
49600
32468
42996
47572
31395
19275
16059
49237
28503
22851
20923
5718
41965
25833
34072
34123
12131
14010
5062
5557
11516
44084
16097
13874
6259
1797
27034
36644
2307
14432
34726
15349
49141
3917
11346
23391
36896
12492
10240
42821
36540
18474
46144
45997
41185
33527
26995
16908
35952
26748
33385
40975
49032
39711
31266
43010
15970
25245
7191
21071
16084
9331
18854
15953
25302
38656
1255
49276
30616
30137
32135
4949
43135
31492
7190
34728
1955
48160
39297
20228
48661
38209
16252
47982
9970
49307
36269
8193
40354
42156
9246
38012
12418
4745
17334
16498
14518
3502
31817
13109
28695
10747
8034
38775
47058
45854
42060
49900
17066
41784
37460
44770
44631
47660
48835
16631
44560
17461
40711
20872
48017
43089
4676
1289
47076
9640
48727
34549
37295
14738
14371
21445
1340
45489
11577
39702
44259
1021
2317
47722
26027
38700
38195
13904
24563
42466
41971
16157
44901
1573
9499
40674
46109
8348
39226
31404
32288
30206
4799
29178
39135
24176
47374
5112
11700
43887
30597
44712
5127
34687
3680
25865
9313
40793
17227
38094
4683
11128
15916
32982
49495
42232
25441
19248
29600
21928
42909
27746
15029
4294
47681
46705
32878
17087
9953
44881
21638
44560
5483
42009
2383
35045
47491
17252
33187
10223
46941
45030
36393
1616
26448
24771
1131
27711
2637
45597
2611
48884
45702
19340
41958
49943
27137
10912
19225
31930
1439
41824
44742
23103
19246
11857
11943
8464
8712
18286
37378
47959
12744
34516
18907
15278
15436
32673
38448
42659
34257
22343
24302
8269
15642
35303
27995
2297
45155
35473
6577
21759
47830
36714
41778
1951
29047
37871
46031
14531
41739
44750
14805
27178
35566
34675
5867
41391
14737
40486
25368
48888
7684
42642
42317
38597
41891
14621
40649
3112
37452
5107
10352
43535
22591
48463
47250
41626
2333
43743
27970
15363
42772
38974
39995
16059
6694
35875
29964
12884
38704
1969
8483
17770
23122
32038
44079
41693
34648
8320
26284
15329
39075
46726
35608
42425
19413
25711
7276
12037
10781
41914
38201
12695
20239
22474
23549
4440
3525
18129
3147
29187
43841
4542
47160
24199
31002
83
36920
29286
26932
19374
31168
41453
8373
31460
38341
13419
42523
36483
46726
35145
9441
3239
30914
182
14743
47278
15873
35792
41298
18775
16854
20787
4210
5207
49271
22238
47107
35585
16948
41361
35705
18635
37360
25430
17015
37309
15970
41952
4475
7413
27008
44435
2660
210
38735
8894
43558
33887
48747
49628
1913
4710
47949
1236
17946
23520
34630
15582
28166
9532
8233
19068
30724
29664
12047
12755
18956
40850
34980
22010
16346
30010
6555
10984
31134
2252
548
21246
15162
38843
21630
7065
33794
15905
47884
37137
46945
41795
40350
9801
46518
27373
19819
31989
5541
47578
10780
49338
8929
30756
33325
21719
35243
6498
47233
43636
16346
6395
29004
5914
20878
2990
21302
41733
11522
22192
47991
1886
34320
7396
48067
37322
34684
44835
14347
42863
8175
6562
47581
11836
22273
38632
45081
34597
49420
21167
10884
43777
14301
24418
20228
7244
10173
33662
29316
11558
40531
9219
22968
41716
30442
41344
1223
37959
21418
46278
26684
29118
47938
31114
20260
12242
27836
16122
31999
1180
20899
25780
34670
31134
20112
21014
22623
41241
41606
37380
5825
15464
15063
23272
4810
11784
29812
41546
33077
3925
6436
41753
3701
42262
55
20078
35744
42922
9189
12793
45245
38413
24817
23969
44959
43657
49352
20233
17259
40233
2288
17589
37286
17019
35438
19060
25363
39714
2302
9039
48755
19381
38886
11682
15360
45797
12771
27828
37439
14845
35232
22028
43833
35998
35574
19857
15263
33477
8222
1616
47620
42374
44086
26924
32185
28712
27323
9838
18046
32484
17817
8376
17156
47542
17494
6800
36133
39721
31847
32430
14132
43725
16746
36845
11619
3983
10375
41018
44288
22613
18742
4649
45199
3861
20169
38476
12195
12085
4921
34904
28210
35922
44055
10730
16285
15150
35519
5170
3780
27097
39867
42451
19407
5241
34193
46551
14931
30732
7231
21267
13164
5873
9323
4667
33306
46043
32661
24023
1249
4138
47787
43329
27705
20146
8871
49244
40107
44049
45815
16607
24222
48705
43381
48523
37544
12210
8636
15154
32304
33932
46523
46005
24507
38486
33443
42926
14049
37403
4800
18545
32198
24677
37996
4792
28315
7628
31100
8280
5019
28515
29122
43079
3385
37457
16215
19664
21877
17874
47554
17310
24355
48548
38772
25402
35535
11666
5580
17802
32779
43186
10079
31448
21097
14320
47664
34526
11754
20787
34397
42627
13997
37032
45907
19762
26636
2819
18694
49436
38501
39822
45370
37779
45272
25687
44158
23395
46237
10514
14091
36404
10947
32871
35297
8918
28252
4301
11431
24431
42966
46957
27644
19938
4018
10882
44431
28496
45807
46761
16849
31410
42145
27513
16701
44230
342
10301
39733
37494
37581
16185
26475
6636
45162
46522
25144
22148
22640
1739
42943
45082
4107
43836
49295
14551
36760
5157
21009
4774
15603
22662
37644
13773
20978
32991
21250
1655
134
25143
27622
6610
26435
23285
47257
31164
25270
38634
11653
28897
40422
21720
27036
4928
14073
9171
38827
35023
7451
12012
8760
5060
3393
39392
13332
40572
34657
48734
41093
29291
30101
35450
31825
25726
11220
11153
2819
24003
47863
17153
23979
12426
32746
1316
25283
2734
42118
12239
36353
28924
5863
46968
25634
7849
7491
1413
3921
32231
22332
14259
33152
34609
11257
643
23012
32124
14275
18892
38819
23670
36322
20438
18987
36274
29372
2317
7188
21722
23411
16883
35571
16321
15788
22840
23043
39987
28542
29534
19515
9829
47488
29651
46299
19142
39429
39156
16423
5491
42828
25122
34219
1637
4059
13705
29368
2909
41684
23807
17536
30318
30025
5438
42668
43255
34305
13615
20876
1532
10157
41118
6161
30541
20993
28273
24920
21307
31561
17568
41484
14537
15174
23407
9987
45344
43494
27825
9204
4581
15187
17179
37683
3969
36782
15705
424
43158
40303
28640
31704
4487
35503
5955
37499
42269
43368
21285
8408
18183
38445
11694
10267
33924
25579
18157
25354
6332
24392
19186
38736
23146
17744
18408
23007
19685
33134
7596
41727
13766
7224
17337
30245
17069
22565
6155
12733
4592
40535
4390
49428
20468
24503
7757
23393
32387
20389
49195
25690
32485
33391
30361
7052
30287
37558
19216
2239
3932
13575
8240
3951
16514
27171
35471
33584
26189
6342
24593
31230
48111
42103
19462
38209
49235
25318
43151
9116
36571
44839
29970
28149
31696
32705
22053
33086
46737
20415
18808
24568
25162
24298
19817
20503
43608
43881
41807
36623
15378
7992
31595
6314
26273
31008
18505
37762
8495
40146
46393
26785
49032
33216
8487
25215
10699
38907
10466
17206
12871
23162
45359
11694
11200
40954
26614
12253
31244
300
47931
42000
41849
15775
21488
29708
31331
30005
39593
31725
21208
28235
45575
48996
43312
29373
46281
15006
3324
21062
9953
37477
34775
40802
15452
2543
45489
302
20929
13255
57
5260
15302
635
46427
11395
40962
39110
6309
26583
21093
12068
28926
38546
16573
26118
30370
26561
39134
34296
37781
6603
38820
4088
30672
6246
17282
807
21562
13904
29946
3687
4134
6029
12084
45509
33563
22683
31863
34656
14471
35447
37882
48981
26276
22569
20315
26413
12978
31824
38339
2493
45522
45437
37079
15788
23559
22310
42037
5192
31134
35857
9701
47963
43459
24908
49961
49012
28859
26179
41791
45243
28948
33607
31716
37003
262
22572
44856
28758
41974
27004
2240
11963
10130
24827
21073
3935
23511
7321
39385
28389
42888
4364
41997
11274
43788
17871
24664
26483
4482
16284
35197
39803
1028
40438
4139
35722
12787
16654
19770
31253
15657
24404
36640
6063
21944
12637
10911
11210
43204
17190
46105
3439
1432
7265
12799
27378
25847
23174
30804
18881
19919
27610
33150
31346
11384
6009
23598
31401
41040
16377
33747
36425
7039
11170
34093
27703
37702
39938
1574
2424
6932
40780
3158
26538
5585
25629
19188
8376
32437
47158
23869
16996
14909
17431
15571
35745
42422
24762
3459
23632
12384
45761
49123
6285
21230
22133
19497
46990
4128
17667
30898
4503
31266
36672
33693
36402
45860
36399
10703
40092
9495
40634
36029
15947
30017
48591
49428
45857
17738
26973
5958
46322
15170
2449
47827
47502
29269
3148
46494
33335
35571
30392
12003
3821
28638
20836
35435
43970
24622
6264
285
45183
42978
33010
31318
13867
23812
14516
45273
44731
11073
11972
43210
16780
36089
4766
13810
12875
12739
47302
2923
30425
46342
13933
29167
41522
17216
17040
12054
41476
38054
18012
5184
36845
5774
32144
9512
28053
10377
36446
38260
34697
954
43621
39571
43595
39643
14462
14265
45963
42907
41030
33466
29931
2831
45167
46956
426
14776
25843
552
25792
11195
35828
31321
18430
49547
39977
17809
10737
29789
24579
5209
6811
26550
34117
36529
39352
20975
7176
41179
7353
12192
1816
45206
1241
36266
12892
8952
23728
43383
47252
6991
30675
12552
23353
48711
11705
34050
33907
10493
27208
18557
3355
49816
36085
47181
25578
15980
40537
25800
8835
11478
29427
21500
49109
33159
24870
44851
1978
49956
19315
6548
5961
18307
5792
33565
10910
33923
6720
16611
9144
36633
32980
28772
27365
42193
41607
44414
9449
40133
10801
28283
34332
45287
23047
10942
31539
23378
19966
6791
1281
17300
20020
7340
39581
14057
33464
14442
506
4808
21146
36782
24066
5298
36790
10976
15129
47252
48973
35770
33690
17245
38629
974
27210
8894
9546
27723
13865
38879
6743
32616
14030
49288
35017
7452
18761
14339
38232
21052
28451
5435
29341
44671
11263
17100
33291
4864
25446
20356
20994
4329
22892
31051
25381
46737
48188
42064
28443
22620
42125
24653
45428
27338
43008
14927
5726
12447
10148
20587
3864
26864
49815
28129
5180
1950
4521
14492
44628
12788
43923
13157
34761
46751
4274
26307
39117
7418
20830
12106
17130
6877
4551
26168
5454
29026
11000
22581
33274
31593
27317
47413
31554
27683
32338
30988
28799
35444
25007
10052
44568
20938
8532
40459
12551
44568
46191
28832
27164
11838
8078
16519
23029
19485
41042
14663
43230
33992
46002
28254
23652
2981
47800
28361
29686
11964
34614
49679
49974
31073
35345
14443
44989
8175
5955
15269
27357
34331
46627
23931
23098
13425
19757
32718
2147
8864
37256
20107
6371
30937
44477
27647
47395
46440
31025
44115
43214
27104
8880
10126
36806
31413
8718
19960
6715
12457
43974
4246
45951
36314
43762
21223
42503
8588
5300
26446
34130
5370
20028
1072
31623
4969
31124
956
18942
4435
8905
1595
5752
13972
23129
4332
28993
48278
19441
48313
37901
45904
6338
25744
5358
38812
11780
34715
7682
408
24574
43725
14910
22342
3094
46934
24587
21759
49953
49608
29305
24201
1858
33725
15533
34684
41732
10088
11363
9216
36522
44139
39462
36679
7702
14712
26472
41495
43812
22073
47306
46829
25022
15987
20655
10958
20197
35529
44078
33763
29887
3484
28271
28474
18846
34568
7825
39230
47228
34984
3578
36870
48222
15571
40946
33534
42670
15539
20182
40383
8960
9167
6452
44099
29135
35240
41082
32665
30436
14883
31479
28724
45494
21132
14650
7466
7557
24819
22246
44399
33608
46550
13702
38780
24281
6830
5650
29409
7890
49194
9096
2299
39785
12762
34111
2242
48439
23190
7643
27978
31081
47055
22548
49615
19314
2493
34183
45899
16783
20146
35784
22475
33360
47048
36392
22948
1063
33374
17524
47571
5991
23512
30384
23288
27294
30789
44643
8211
28752
41942
20943
19233
10690
15110
12747
5885
38056
1016
21600
46819
37371
22278
19388
7839
12749
10014
32649
43431
38211
19745
23239
36212
39166
24627
30893
6090
22498
10793
31557
33113
14518
21425
44904
14378
24069
3948
29930
33311
46888
12236
13929
4952
21317
16831
18105
45471
13403
44594
38727
17714
9156
5247
35487
14846
14011
24526
16277
6976
37353
26403
19142
9469
25865
5269
30450
8166
43543
29912
43019
24137
15720
10101
42210
27863
30648
21523
31580
8128
42183
34159
4653
4435
10533
22562
22690
13332
23583
26742
21870
9680
27133
11226
9614
16973
21129
7942
14559
13967
44135
17330
39169
4225
36349
7123
18698
9697
20236
28121
42619
34355
37269
45673
49026
1721
18189
40278
47508
37542
14825
27598
17759
33047
16521
17591
18537
41348
26820
6383
26811
6301
10434
28364
17460
45116
22219
44089
1300
26033
9733
9248
18009
16738
12039
46778
41141
15347
39424
30365
7999
47860
4940
45078
16328
17748
36705
9735
44922
30902
27549
37361
6351
28804
35974
24916
3182
6938
14545
35780
42077
31702
672
13036
4078
21752
149
22042
12667
6382
45808
45716
40101
9043
48760
27377
20599
43470
6366
47590
33619
4065
29437
18102
43787
44278
23636
40394
46233
45612
5526
45449
9691
8848
1531
16098
18153
2486
6014
6775
12286
22686
33603
9145
7755
48174
12689
31830
44233
15308
12389
49655
33526
28105
28399
11404
22370
4358
17182
41755
28152
12987
23616
8980
6822
44716
4799
18816
20935
24493
47322
43454
16092
43722
17284
20233
26641
24526
9672
41028
17096
24545
49183
21016
11977
40349
33434
7713
33765
45823
22979
43329
27692
30413
25729
12534
47700
18764
43709
47573
26513
16466
39415
33919
45046
45381
38173
31074
23741
26050
29029
7186
7204
40689
13745
9704
28774
21420
13364
21409
44488
14321
47806
30696
1108
8161
39189
44724
33366
39416
41692
27575
3508
12503
15997
38156
28356
49903
13104
14494
10896
28599
16071
6981
18535
31039
2328
20654
42158
13800
9095
14802
20156
5665
36835
17825
38146
10843
10388
33171
26057
13963
45035
24346
46520
21722
26821
33818
23725
10365
45403
45928
46660
1010
39098
33693
22508
829
25322
31214
5236
3430
33683
48408
20685
41884
20651
32376
25505
30867
659
12105
8949
40253
15903
30152
38729
33948
35859
15208
2053
16986
23205
28124
42680
37288
43800
19360
6914
43215
49815
8983
40033
1130
28375
7601
31887
44774
44543
9912
5547
41472
10665
1209
1800
30361
18271
27161
43648
10545
18580
45310
39616
8192
4501
16059
22207
47275
12796
30563
20332
16225
14712
25983
39859
2517
34786
33420
2155
45524
22284
48238
1400
25161
13302
16564
29313
15743
34714
3171
46066
43203
45538
43859
35353
8473
39955
41738
14231
12691
14957
41270
779
22548
43746
38549
25579
8452
16106
10772
33572
31322
43364
22763
18977
44267
15843
32651
3599
16421
24546
35423
33418
9769
22549
14961
24473
46922
4434
28973
19214
35301
27712
21093
49553
33140
29635
44385
3438
7662
35742
13771
17671
14581
43337
20196
26602
7655
38335
24900
6460
30292
16058
10648
31712
23956
27274
42695
33653
31336
48323
10341
36600
48008
7044
48498
18016
909
49795
6819
32588
46228
45099
43192
25513
18862
3094
37982
41330
19666
5005
4702
12610
46519
32913
9565
32070
12872
13828
3086
47216
17234
12979
46715
4667
3412
9781
33910
44860
46708
36159
22341
21409
13892
1055
45073
39433
20246
11375
43849
40452
6114
8432
31846
48443
27049
5276
7488
47685
36719
1135
16194
43413
41053
31559
14079
37538
46566
15894
49147
26836
6199
33148
32080
24194
25135
38352
6256
43750
44877
14035
2148
1189
46642
7803
12045
42876
31827
916
19824
37239
27536
6393
42622
35166
10855
28237
15813
27942
35232
5183
32212
26558
8963
34595
32980
9821
8011
22996
41784
30623
17387
20053
20591
34105
14789
11522
19249
49845
14736
29978
