772
2232
3957
277
3194
2514
297
4047
2660
4062
2569
3057
4791
238
3558
243
4476
3200
683
3593
1383
29
270
2857
1801
1948
1991
1637
3040
1693
400
1412
4753
1415
749
2580
442
1958
2377
224
1862
613
4628
3893
161
2540
2615
2686
4583
4414
2779
1597
3630
4590
1023
1287
595
4844
1043
174
3349
4756
4181
4248
3535
2423
2344
296
882
3727
1181
1538
3592
3216
849
1694
1591
2391
19
4439
856
3136
2184
968
2509
2569
1429
4132
1912
2855
4729
254
1760
2030
2614
530
2529
4726
2268
4677
4883
2407
702
57
1880
4574
600
1254
4106
477
1268
3212
2485
1131
1870
1252
2000
679
3266
4499
764
1287
4681
4076
3755
4544
412
4376
2387
4528
118
4440
3292
2234
2447
2472
564
3702
2513
40
3307
1300
608
3120
4199
2851
2024
2980
4244
640
628
1889
323
544
2397
1925
1575
4206
880
2818
3231
2573
1649
4039
2732
124
2425
4571
4337
4868
1760
4289
108
1936
4214
3909
2365
1579
3535
2107
419
3679
1663
2536
3867
478
278
3834
2188
1550
241
1867
3463
2484
970
4608
15
4495
4460
1483
1851
4412
4537
1854
3004
602
4065
3244
4684
4896
144
496
4354
3210
2375
146
837
2432
4190
3899
3310
1005
3931
3563
1499
2195
4360
1756
3324
1428
3015
3335
4906
64
4278
2543
2648
3757
2140
3830
714
1076
2697
148
2693
1006
1798
3061
2581
3099
410
481
3442
1402
2550
3825
1550
1542
3511
3355
3641
1781
2820
2698
2474
1178
981
1129
1634
558
2791
3900
2694
4065
1686
4994
1615
4682
3153
2454
3618
3391
2472
982
3619
4620
4984
1280
4401
3947
1165
4515
462
4350
918
1101
1891
3357
4122
3015
3976
3481
2312
239
1232
1085
2971
1674
2460
3396
4024
2606
4705
106
3534
257
133
4266
1293
3577
3005
977
4121
4487
1586
822
4033
4066
4767
1266
3674
1798
3199
4722
4114
1610
4789
2579
4976
3533
4962
2926
576
352
2575
2002
1689
1430
3264
710
2475
3604
3477
3695
3498
4546
1846
4928
2021
988
2770
426
1231
456
1724
1408
1344
4180
1919
1395
2236
2668
4135
3300
8
2628
962
3829
1609
4503
1964
2667
3315
2425
4338
2083
1924
866
2393
1223
4636
1539
3587
4827
1839
4935
172
775
1664
3183
4506
363
2290
2386
2057
224
3887
2563
438
1442
2302
4507
2776
4975
866
596
3266
4624
3238
4765
1935
4942
2010
3723
1620
687
4525
1232
1432
3459
4386
2808
265
1086
1725
3346
3677
3573
2110
4331
2419
813
1839
4641
4312
552
3635
4698
117
2295
1932
2184
4112
1718
1314
2438
1193
3272
3936
1544
4603
2735
3818
3455
4701
1917
2741
3258
784
275
2084
3105
1937
2126
139
4024
2477
555
3089
2275
298
2282
2929
1327
1832
4460
4637
1432
175
1830
3781
3778
3013
4541
1287
866
2069
3268
2964
3598
4450
4261
4687
3910
3793
3226
4191
2977
4286
4388
2897
3455
4273
2314
311
1391
4700
2281
2278
564
4247
1549
104
1716
3048
4516
130
1064
877
4695
4196
4532
1730
2447
4275
720
2440
3145
1024
2426
3721
2690
4545
3407
3585
1743
2611
146
3209
3490
1233
1875
2822
704
3576
440
3050
2613
1423
3100
325
1603
2261
3242
844
1168
2161
1036
4632
1455
684
597
1951
1522
4168
4396
4410
1384
4820
4678
4881
4351
4614
1820
724
26
4176
356
2714
3326
2194
1915
1570
2739
2827
3846
2417
2964
2988
1072
464
2303
4669
2859
4288
3479
1846
1351
420
4132
1141
2448
3533
1116
4469
1266
2858
4444
1080
976
4451
1275
2305
3894
1921
4276
4199
1431
3375
3701
2587
286
1437
1444
4178
950
2522
99
2060
2837
1139
3491
24
136
1575
3513
252
1250
1108
3822
1763
2505
3710
2798
611
2743
132
183
4991
4522
2441
1208
2109
290
2102
327
4464
954
2068
87
1678
2696
2319
3308
1855
3303
2853
3593
4808
1363
4735
3398
609
4723
2417
2574
2011
3098
131
4595
3367
996
3096
4085
3195
4637
560
4076
91
2473
3356
1112
638
3430
3235
2507
3109
2899
1027
241
1479
1383
3036
1050
4535
963
2225
3018
2855
4210
3148
2505
1331
710
4212
2321
2420
2363
2574
2863
1566
1725
3780
3713
1074
3111
855
1949
4680
2758
1638
4305
616
2472
1002
4632
1563
3438
3816
358
131
160
1382
1889
4460
2808
4654
613
814
4937
3609
156
4766
1468
979
3731
1339
1965
4678
4986
68
794
1012
4489
2033
1448
4747
2170
1741
3194
2428
3620
2778
3976
1559
3444
3711
2306
4684
3311
2086
2761
4343
2492
2181
3683
1201
2924
4776
2252
3948
57
4963
1901
492
4598
4801
568
2126
2251
4279
796
47
779
2325
907
1299
2283
2031
4434
3359
738
3761
2968
1532
2696
2072
329
4845
3294
4557
391
2445
4309
4612
215
4645
1740
2069
4538
4854
1647
1715
4957
763
4782
412
3367
3995
481
3180
4459
1835
3727
4323
447
2285
4330
478
369
4759
1431
4472
2258
1859
4856
4483
1625
1494
4148
1517
4951
2280
4751
255
138
906
130
1885
403
1430
3105
1147
1965
2976
2682
3864
3941
719
3817
201
2610
3067
610
1428
2521
4739
136
3667
4334
4717
2307
1023
3998
429
4433
4433
366
2693
3244
4510
2038
1277
4607
3124
2195
4108
88
4372
3246
2142
4628
4732
3594
1032
2303
244
4720
1494
778
261
4151
4014
3552
107
3548
831
389
4779
1561
798
4909
1196
783
1401
384
1126
1877
797
4916
3010
4199
522
536
413
118
3094
4132
1015
2699
3910
2861
1826
3365
2159
4980
773
2301
3646
282
2270
190
2248
2114
466
4334
115
3096
4275
4166
3257
787
347
2085
3571
2718
1040
4015
349
2160
3530
269
2913
2678
1250
661
3246
4800
2168
1210
2745
135
4652
4403
3103
1854
2886
2623
2610
3059
1299
836
4338
2072
244
3703
1367
3692
3526
4319
48
1932
1724
3631
4125
504
1600
4973
3892
4585
1973
3670
136
3692
4984
3961
2333
3881
4726
3024
2360
375
77
3727
2852
3111
4251
4369
4963
2551
1047
4264
988
4061
2024
1785
3259
4101
3539
1316
4163
1265
605
1837
1884
2050
1771
1292
16
1839
2315
4418
2045
3059
2354
3373
329
1185
1138
696
938
1552
983
2891
1432
2862
4505
2326
4860
3576
4677
3320
2870
1304
1141
1800
2738
3194
3343
354
3588
1274
1673
392
1405
994
4412
3794
3615
246
4351
1889
4418
639
2474
4630
4275
1974
3642
4881
4277
329
3855
3033
3370
2785
3367
5000
3839
700
950
586
340
3213
3739
3755
3355
4414
200
2541
2462
1763
393
4238
1201
3786
2798
2222
2675
2292
2287
2054
204
1381
3811
270
2170
1640
3155
2561
1706
1299
1233
3254
4425
4006
1454
100
1753
1663
1702
1572
564
1539
553
1021
1876
793
796
646
492
4863
1311
4692
1123
613
1826
1864
4665
460
3849
3685
3203
2650
401
1230
3163
885
809
1440
3995
1718
4075
2823
4918
1115
2726
807
3063
1212
3745
2527
4564
294
2375
4272
3533
79
1790
3392
1679
108
4758
2071
3933
1841
3348
1660
2595
211
4748
1257
1744
2373
4557
3635
4475
11
83
1121
4298
1724
1728
1401
4496
2575
2019
1872
2765
3472
4091
994
1116
3674
3374
2281
2011
2674
3224
4620
3870
4245
3744
1564
1913
4497
3987
817
1876
3334
1822
2619
4892
2788
1435
1559
1408
2176
2681
639
3053
4803
3685
1765
4898
2051
4494
3140
3366
3214
3054
2877
3821
2317
4802
4491
4415
3774
1655
209
3167
1630
2586
3367
2677
2652
2824
3096
3983
1539
4521
399
1347
395
1442
262
4631
1933
2855
366
1138
1876
2279
2810
182
3063
4424
1964
3916
3687
2316
4130
405
3019
666
3168
3147
1916
4176
428
2724
2795
3585
1303
1486
4549
82
4063
3593
2704
3741
2207
884
2557
4892
2290
1490
972
3590
2982
3808
4719
1257
1810
4558
4211
1756
4723
3761
983
4670
1494
4375
410
3034
3088
1828
4813
4612
444
1936
573
2627
3716
1526
600
4688
1594
2646
4839
4387
2635
1640
3467
3715
4790
4635
2617
2678
449
3350
724
2905
4409
4427
2587
3299
2004
3026
1231
3523
2398
678
2185
170
3241
3732
3356
183
3014
1949
4331
328
4240
1232
2879
2411
4547
664
1456
1535
3911
3
3425
2250
2052
2452
4247
1318
2082
2788
1017
4465
1274
4023
2160
3385
1296
3673
440
4779
1012
4186
2428
4372
4368
4298
178
4257
749
2897
3921
1306
792
4093
4573
4492
15
578
4530
3055
2824
2465
1945
1863
3265
4615
1142
974
1837
3923
1555
1100
2030
2016
4823
2294
1215
2381
41
3628
1345
1753
4593
545
2748
3265
781
3419
2748
956
3523
1228
291
2163
275
33
873
1985
401
1765
4105
3867
2151
324
4921
1159
892
4925
4486
1043
1756
1324
3117
1263
4845
309
4434
2498
2978
1440
3689
4167
4669
1577
529
533
3446
66
4169
3528
2158
4684
3969
242
203
74
2814
443
3933
1558
4523
1825
4049
3222
4689
4919
4539
4261
4600
262
3869
3136
4705
1371
1141
4066
1854
1828
3064
3383
1665
524
2340
2588
344
3861
1006
3874
3519
323
4205
1139
1401
2540
1970
497
4676
4727
1558
2696
3131
3984
2710
2194
4316
59
1624
407
4788
3576
421
1866
4351
4902
340
1835
1220
663
3807
1371
2804
3187
1508
2844
2849
2248
1965
3709
1616
2706
578
3653
1232
357
1486
119
2855
1309
1153
3098
3920
2750
1694
2170
2411
4639
2840
2086
3489
23
1625
3942
114
2516
1906
709
4057
1759
889
1299
3206
5000
313
4896
1554
2078
1835
3487
2911
2121
3840
3069
2797
1699
4752
1962
2063
3625
479
1570
4078
779
633
2110
1907
4863
570
4779
2024
558
4243
19
3551
3263
3887
1433
531
2442
2509
3179
1194
3758
4334
1321
2601
2894
2952
2134
4039
2940
4750
2585
2084
3442
3631
1972
1881
460
783
841
3932
3931
1305
4181
4157
4823
4995
2522
1910
970
1837
3712
2103
635
2500
4980
2598
3418
2409
1123
4899
1065
2852
711
1819
3503
937
3304
3186
1515
4424
516
4340
2800
2210
3611
1747
514
1286
3852
4720
2861
1663
923
2767
2338
4228
4736
1793
467
394
4035
4033
2476
3933
2410
1395
3247
3215
1821
2414
235
2492
1752
1793
777
3234
4633
3713
3091
2524
1457
3192
2464
769
3640
579
1756
3282
631
1512
3359
618
293
1217
4684
4974
2458
442
3803
837
352
1761
1982
555
3754
3827
4062
4619
4536
1311
3137
3795
3417
1952
4105
1156
2748
1081
1385
1062
1611
94
4492
3395
4067
417
4352
508
4514
4506
3138
4836
1779
3217
725
2181
763
2519
1443
1822
3684
3685
3104
3504
3547
1440
1002
4500
2662
2971
3623
238
2916
141
1108
3890
4734
4064
145
912
3547
1786
3013
4751
2252
4314
3283
2085
3311
3415
2535
2268
2326
2867
3933
824
2747
4600
4909
1934
3001
226
1911
2361
224
566
4718
1544
2975
2726
902
388
4017
120
2002
141
1357
2330
2123
1852
4865
841
713
2194
2081
4835
2732
1629
3238
2991
3734
1721
3550
1182
2236
3053
3816
3394
2636
2890
2028
209
1142
2973
1997
1292
2931
3382
2776
1508
1865
2149
1447
2824
1610
4772
2983
1755
865
2171
1830
2004
2303
3212
2997
805
3231
4408
2635
1321
3085
3186
3152
2462
2606
2517
2383
2096
4102
1017
184
1080
4696
417
2836
3364
63
2592
3002
3706
4641
3806
1995
3514
2378
2372
4384
4697
300
3826
61
3726
4535
171
2872
2321
2069
2937
4934
3847
1359
3387
4291
4799
1837
1041
2783
4978
4450
2918
1805
1676
255
242
1411
4310
3778
1496
2186
1980
3932
928
650
3783
2643
29
1293
363
1992
1246
2268
4217
670
837
4779
1129
90
1854
155
3401
4098
1434
3078
2057
835
612
2243
143
3439
4594
1878
268
3278
3443
3446
3463
3287
887
2739
4444
3352
124
2409
4633
1380
349
1585
1558
520
2452
2442
3899
3004
4802
3799
4223
4436
1380
80
1366
4903
3559
2558
4176
4602
1979
1388
4533
606
3586
1897
2192
4214
3637
3185
2379
4384
1728
135
720
1945
4842
448
3112
2170
372
3873
909
1383
2238
4806
660
3956
2640
1921
3231
1602
961
1090
3426
4745
91
438
681
2943
2444
673
3182
925
4161
199
4554
1027
976
1202
4435
1600
227
1513
1842
1354
931
2154
2342
2609
4767
3984
437
2545
2179
4912
1988
3239
3313
2758
1947
387
4250
4381
2526
4649
4172
71
1167
2861
3043
3752
2222
1453
2484
1341
4795
1210
158
4350
841
678
1559
3976
4923
2653
432
316
2027
3799
3189
4148
1010
2655
3168
2539
3535
4507
480
3057
188
2650
3043
169
3244
525
3914
2899
2965
2976
1480
2921
4802
2043
1480
1856
641
4404
281
160
105
3799
1066
4796
2745
2259
1317
376
3808
3240
2068
1969
2724
304
3124
219
872
4750
1075
1102
809
1515
4420
4123
2627
4319
3001
1610
3260
2083
3953
1778
3314
2907
2979
745
4307
1684
2051
1286
4201
2866
3788
2886
2237
4554
844
820
2853
4199
4311
2577
2339
2872
961
1405
2910
2609
1195
2750
2212
3964
1760
2923
4451
2775
3125
1507
3689
4865
2524
3549
4770
4925
105
192
3003
1256
1080
4947
2738
4361
3026
3634
1979
3168
3056
1835
3186
1340
4177
643
1039
3563
4477
1529
337
2852
313
870
4025
253
1951
703
703
940
629
3970
3921
4410
3522
2253
234
4224
277
4494
1518
3974
1011
4976
1993
4277
1423
4510
888
4772
1528
3764
4913
4536
1462
3529
4811
4752
1289
1657
2444
1395
611
4452
4087
4012
2244
3469
2783
1393
4873
2461
2635
2420
4794
1286
3684
2041
3404
942
3388
1415
374
3326
2577
1699
259
2838
1224
693
3661
577
3115
1793
872
79
1144
2195
3789
194
1071
973
2896
2474
3816
2043
1744
633
3460
79
4257
2698
3505
4951
3406
74
2986
3656
4844
1911
3509
4087
4759
1442
4573
1727
1809
4962
2494
594
1874
754
2286
2696
2546
4161
2833
1876
712
3332
2894
1076
3069
3761
1378
3867
4399
4989
4371
4784
4738
2074
4347
909
2046
4983
67
2377
2523
3173
2619
2718
2518
3862
558
18
2335
4526
592
4853
4877
2707
4792
1034
2916
3721
3820
2484
4374
1025
1664
3772
234
4591
1846
2173
737
3470
868
580
4251
3947
1370
2993
2563
1053
1874
3314
1056
2227
2617
280
160
3614
4787
3333
3454
1399
184
2377
2628
500
531
3023
696
2075
2940
3917
265
3720
3628
2432
3614
522
587
1749
2302
3956
4363
4394
3968
3673
847
2326
2014
295
2172
2741
1939
2784
3367
3073
3813
833
1090
135
261
2021
1512
4089
4612
3474
1337
2832
3906
160
2959
960
455
4941
2004
2900
3072
1540
2485
2092
1591
3129
1833
3054
112
551
2683
1851
4577
3586
4136
2815
131
2973
2162
4685
2672
349
3023
2192
4267
2126
513
2001
1481
3163
95
2726
3041
92
1430
1281
3995
2099
1815
3475
3971
4648
2002
1126
4208
4507
165
2210
2799
29
3186
4199
3165
4741
4488
3453
3302
3301
4710
2379
2825
555
1237
299
2739
3323
2807
4490
3024
2067
1966
1241
1978
398
2907
4865
3985
4194
1053
2131
3075
467
65
4515
2608
1589
4349
2124
3530
4264
950
4985
873
162
1185
4106
1756
2542
3090
1859
1044
2787
4227
3500
452
2517
1650
1459
94
1041
1896
800
2488
2879
548
4793
3973
2665
2280
2124
3663
1704
3078
4923
2067
46
2894
4816
4071
1467
1891
1933
348
3154
3300
1843
4456
4078
1512
46
2449
450
816
2566
607
396
3567
608
1498
4057
754
3607
961
807
4136
1152
1743
187
2117
4308
791
2337
3490
944
57
4104
1953
4475
478
598
3466
3781
2430
2453
1132
4684
1103
2884
157
291
4881
2794
3834
70
2610
3295
399
1271
3127
1149
2129
2512
935
765
1239
3445
4777
4006
3633
1935
3799
2891
1786
810
2556
2013
3917
3780
240
778
3202
1386
4167
1525
627
460
1083
1717
4972
2776
4367
690
4501
920
2546
4875
4175
206
2985
1726
1057
2340
4610
1600
5000
9
334
4222
467
2889
1808
2577
1902
1276
759
893
3295
3420
3568
445
3309
2739
3907
2909
4962
4085
603
2717
1205
4642
4681
3126
1337
2768
2020
2307
3053
2119
2127
443
3348
2635
2755
2338
2151
546
111
1102
3959
421
780
1865
507
2276
1546
2566
3386
4014
4117
1658
518
3486
3607
45
4340
1652
4308
719
3225
2959
1726
2930
3533
277
1036
3191
2580
448
4230
3999
2331
1999
1402
229
724
1074
1568
1857
4346
593
1514
4437
2975
3869
2915
298
1858
4904
1494
4321
1047
3243
3098
2190
1175
655
3109
4861
1744
2177
38
3637
4845
2487
1609
3588
3521
853
4900
1010
3612
1489
4182
3693
4700
288
1262
53
3575
4467
4423
3978
1099
3230
838
3938
792
1357
2944
2741
279
688
4398
1044
4814
803
2376
1416
3334
2706
2282
1359
4498
4822
4840
1764
4367
2366
4285
3001
738
2186
87
3307
1458
803
4007
3887
4426
1883
408
359
3975
476
4076
955
3151
1889
4155
1377
687
767
4056
4948
1871
4541
1830
2316
1453
2207
4022
4283
1405
4129
2169
2689
4201
2298
2895
520
3228
3032
3311
1637
3378
3765
1390
3039
1287
155
815
3210
1836
1897
763
2507
1767
3541
1829
1246
1573
2929
3421
1716
4550
4588
3182
1565
2809
3454
254
2628
442
161
2805
4033
3572
4112
2062
2385
2061
2600
3633
4767
1216
4214
3068
748
2633
2416
2819
4131
2110
3384
3161
3220
4370
541
2174
665
3938
4660
1785
2759
4827
707
3187
1857
81
4368
2278
3827
2254
4106
1811
264
2574
2157
3999
4173
3654
2271
4339
3879
3583
847
4070
4807
1977
4007
4025
3009
2435
4547
1170
2058
2024
1379
1738
2541
2154
91
3996
797
465
2793
4213
3821
2213
3960
4865
1794
3453
3981
1717
3799
2974
4701
2706
1891
615
1065
639
3478
3433
3348
3298
2925
2558
4375
440
1607
2117
2876
3708
2623
3604
674
1824
481
595
1601
3165
1998
2415
3372
300
2885
439
1187
1769
1442
3450
3475
3384
2159
4033
307
1279
2867
1925
3260
2880
3113
2824
3332
4760
2326
1662
1637
1790
1200
2263
1156
3992
399
1947
3296
2638
4147
3938
3982
1179
4207
3630
4819
1900
3569
3304
3671
3687
1778
3047
1129
4266
612
1830
1048
2003
4959
3843
1657
1045
3233
176
1198
4718
2068
3992
3862
2387
1735
1281
2970
835
4282
3808
891
4012
926
1591
3438
4861
3591
4248
460
227
761
1122
718
4624
2970
3301
4672
2812
76
795
736
1568
345
3630
109
135
3496
495
4123
2830
4409
916
4751
555
2234
3596
2814
3865
4674
399
3827
1689
4210
1527
4334
2500
2266
4110
2257
579
1193
84
2593
388
2179
57
2337
2927
606
4180
2378
2448
2564
281
1239
227
2236
4007
3334
4964
3416
1464
955
1539
2561
1233
4984
2720
1582
1838
1411
4799
1173
1256
4007
3081
1910
1196
2332
4699
1345
4609
2983
1523
4354
1394
3785
1311
3400
2210
3251
1180
3612
2036
2858
1991
3982
4745
1538
680
2268
2717
4660
755
816
786
3494
2982
3394
248
2118
4497
3964
771
526
897
4686
2878
3098
4998
1200
3682
3539
1109
288
794
570
622
1299
3068
426
4159
2106
3134
1226
4764
720
3588
4162
1626
3005
1060
1115
2387
771
1539
4681
168
1553
329
4140
1745
1860
4230
4078
4715
589
1355
2815
4389
4889
1863
4984
899
80
873
2811
2848
2340
2928
1675
3659
271
374
1738
2831
4237
475
4086
2103
4438
3777
127
1818
925
4723
1035
4817
2244
2927
4797
1724
3977
3688
4450
882
3295
4424
4482
3476
709
2638
1849
2465
2982
4749
2330
4749
298
299
959
2647
1997
572
993
931
297
2307
655
2820
4781
4843
1148
4085
4489
4102
3141
1865
4182
2701
2537
1561
2802
3606
1973
2579
1902
1984
3462
523
4173
3184
1493
2595
4414
3080
2687
189
5000
4787
984
2059
1500
2312
2978
4845
2518
1819
1485
2193
1061
1945
46
1269
3652
1348
741
223
4238
4453
671
810
1663
421
908
2771
4052
3249
4344
2566
821
2936
4161
3036
529
2349
1267
692
2945
3625
1953
4994
528
4897
4942
4673
677
2477
4621
1836
3530
1719
4340
1262
4159
4118
4624
2960
3342
4655
2380
2224
3234
1355
442
2432
2129
1725
1234
4690
4149
808
3636
4876
1157
4078
1008
1072
1535
1414
1000
1460
2247
3050
1111
238
3503
480
1674
4336
352
1804
4114
3058
1037
3088
2909
2550
911
3597
1832
1055
4901
1504
4997
4939
3737
4733
1849
4874
4096
2585
2022
2797
3946
3552
2639
690
1969
4768
3041
3786
2823
1571
1240
171
3569
3968
3177
3807
2081
1629
2354
543
4729
4765
2970
1589
489
2316
2096
716
3064
2203
4672
4066
4798
530
2574
2260
1546
4682
4451
3787
3292
1570
1072
1788
4646
246
1347
2828
3597
152
1742
2887
3461
1299
4537
534
4906
2123
10
2835
123
2079
3368
1042
4056
4335
3925
302
1428
4794
3918
1940
3853
729
3815
814
2768
751
1105
1249
3156
1968
2832
3218
939
3204
380
1968
2264
2452
2169
665
3649
615
1065
3117
4275
3828
2562
592
2694
2721
936
1046
1216
494
4385
1046
1048
971
2338
680
3640
1800
1806
3450
4271
2285
4693
2175
2919
3377
325
4925
1171
219
4825
3815
1726
80
2525
551
4504
4217
1820
3088
1990
1503
2077
1828
3838
541
4737
3167
2999
2904
3875
1375
3161
2561
3497
1670
1941
2256
2946
4838
1495
267
222
54
1725
552
1078
4425
2527
1913
3594
1889
2571
4120
4422
3990
945
476
3654
2527
3575
3410
4479
3369
4736
3741
4672
2310
3641
3722
4602
2565
446
1038
3440
2314
830
292
1660
4736
3893
2516
20
4033
294
3386
4210
4846
4510
3154
1368
4382
1545
3493
2488
1310
3298
4510
366
2011
669
1646
1763
149
997
4696
1180
163
4025
724
2835
1888
3840
4623
3581
1429
2794
4011
3690
4997
3919
1045
2
4974
3542
111
2739
693
4229
2447
3
3082
2419
4016
4496
861
3328
3303
2687
3045
1791
1846
1143
642
3532
4611
2637
4854
260
1390
1000
4282
286
2292
2803
4640
266
275
3914
4920
1109
1686
2627
2225
1309
2292
1039
1000
1546
2261
715
2643
1338
4378
78
140
2630
1508
1801
1374
1145
222
3611
3184
2936
1211
95
1070
2234
1468
4126
2966
2267
14
8
4878
4378
2879
1427
4721
4675
1899
1960
1703
4886
764
4892
1194
2626
4630
2710
222
507
615
2610
3386
2526
657
3836
1693
4510
3604
1531
3555
384
233
2324
4060
3469
4622
3606
1802
167
2550
3877
3287
4701
3506
2882
2958
4397
908
1537
4294
4649
2355
1524
4926
3190
2303
174
3525
2980
981
3874
1704
3593
3402
3746
1009
2509
801
1389
3664
3073
1001
3603
4293
965
4600
151
2314
2693
3745
2452
1275
4649
1160
1629
2571
1999
2990
4856
3767
1756
319
2183
2108
44
3772
816
3621
22
4526
1104
3261
270
3635
429
1982
3264
1098
4989
323
2029
894
1994
466
634
599
991
1093
1711
4238
778
1174
3075
2837
876
3811
252
692
578
2591
548
4753
2414
209
575
3560
958
2241
549
4921
1054
708
32
2398
4077
2781
3226
4983
3471
3812
4085
2477
4913
3470
3467
91
2649
4413
4341
4276
4338
703
980
4916
3274
2661
162
1948
3793
3629
2536
770
1775
1045
2172
4249
1212
2791
2313
1721
3789
2464
61
1108
2327
626
2137
3749
1711
1490
381
886
4413
2973
2772
2302
3177
4797
2875
2579
4811
4292
39
3108
2719
142
3280
3230
364
1885
3536
2803
3898
1871
4402
2566
17
4504
1439
4649
368
68
1698
3877
1485
3642
4843
1752
4900
818
2782
752
3123
3531
3760
1799
3667
3672
3030
2990
3484
398
424
3675
671
541
4398
4124
1105
1249
2666
1476
2611
4246
2035
4088
4040
2670
720
1128
4139
3408
490
3014
1550
3318
2922
136
4268
1926
3495
2048
3369
318
3496
2477
981
4802
4653
2030
4877
2297
246
1299
4230
3034
3717
934
2768
2263
4288
3924
4881
4653
1356
4871
3004
3661
476
2609
25
3266
4743
2638
1859
2540
4429
3359
2008
2531
4668
4436
534
3630
3599
3126
2851
4672
395
3845
3057
4702
224
2870
2822
4523
1069
4424
603
3729
2159
2971
2638
4532
333
128
4972
3761
4337
1283
3483
3034
3389
3199
1992
4898
2873
4209
3124
2168
1300
3230
925
693
4083
3250
4657
4139
4784
1174
2294
1655
2758
3296
3155
3848
86
4794
2986
3142
2948
3033
3169
579
4691
2726
1712
1423
4684
1119
1154
35
3317
4272
3390
1841
1271
4203
2521
694
4772
4662
296
2510
1202
4341
33
1817
1261
2306
764
2855
234
2734
4345
3808
3962
1750
2834
4151
3762
1774
1259
2317
1770
862
1468
3044
3170
4692
1171
2818
2565
1595
2014
1695
4948
514
3114
2175
1857
4688
4368
3803
4693
2254
2368
1080
1498
2913
4606
3009
1468
1598
261
3675
105
4132
4760
698
2498
2484
3182
3035
4493
3811
1460
2037
1394
301
2091
1793
968
2439
4307
1673
2772
4390
4569
4997
2881
3107
4626
3478
1030
690
725
626
2582
561
3616
3283
92
1995
1686
4167
779
4758
2198
1372
3915
948
1148
303
4706
2972
2178
365
3680
2122
2613
3852
3346
2668
3329
2339
4343
1536
236
4054
4479
1438
2132
2888
4182
3612
3996
3458
2850
2382
2958
4410
3090
1371
2486
2152
3492
2109
2513
4561
328
1438
4800
2627
7
497
1958
2186
1821
4353
578
1991
1483
4900
1300
256
3425
2986
3430
4638
146
459
825
3482
3876
3757
3310
2006
3549
2984
2942
3604
3561
1507
2475
528
4891
1583
2182
135
3879
2913
4838
974
4654
3260
1158
1571
4640
512
2885
4392
1238
1972
425
1969
3179
4943
4010
4113
3774
2852
624
3151
1829
792
3206
4389
1786
3019
4091
3747
2291
2012
3913
3765
4043
831
3436
2616
1878
2455
799
2396
1199
4867
1918
2111
2855
148
472
1750
3488
4827
2703
98
3984
2746
4905
2724
4706
2318
1638
4422
2813
4789
165
3555
3035
1860
3285
2913
1859
3943
3792
1290
4703
1211
4052
3611
4527
2442
3948
2098
3539
1603
3901
3568
1334
4333
2295
2119
2635
2673
4418
2238
1626
2643
2032
668
4237
1440
3743
4897
1063
3435
912
3547
3790
4390
3535
3910
3019
4829
2620
1077
2452
4709
33
3401
3795
790
1843
3764
4515
3802
976
4886
1844
3704
1718
1848
3290
2966
1527
3553
4438
3798
1302
2224
3838
4673
2913
3250
3239
285
3746
1951
4590
4802
4002
4839
1288
4882
865
3687
1288
720
1086
776
134
4966
925
1003
1903
3860
2138
4917
984
250
2635
4963
4129
3740
3306
270
4243
4300
598
2608
4041
280
4411
2434
3772
1035
3749
3850
3851
1669
1745
4400
1016
2507
4576
4014
2744
1599
2404
1664
2507
3681
4525
3193
4531
4183
289
3161
595
3826
4199
3370
2706
1069
4893
4853
3094
626
2250
1267
2698
1290
2092
1773
1744
106
231
2941
2769
555
4149
4192
4470
3985
4302
3468
848
1244
3128
1822
1014
2221
2671
3705
597
4526
4314
3314
3123
3866
1216
3439
3939
2519
176
4939
2987
2688
2070
3191
2893
2558
3379
617
1050
3996
2916
3582
1006
4529
1586
3973
1219
1510
4299
1097
3089
4240
3986
3564
2116
180
1094
3003
2425
2386
3783
2580
4162
742
3509
1779
3537
3612
1003
1632
1651
3187
4409
2818
3823
3084
4850
2108
4345
2616
3032
1113
3350
52
1546
1502
987
2947
4652
4215
3002
840
2196
2671
1394
3651
3431
1727
2293
4119
521
2263
3104
2485
4286
4420
3247
662
3246
1132
2539
4205
452
4821
561
4659
2812
3542
260
1088
757
2339
548
3644
4388
407
2534
2420
1957
4472
1604
4191
1705
2024
76
3269
2958
3026
4448
2321
3703
3581
1344
1032
2228
3499
2323
410
1650
2127
4601
409
4836
722
3653
4742
618
1692
1323
3347
4956
3870
3594
602
3627
4316
4915
4727
687
794
2847
1734
4703
4557
1995
2050
1063
4729
807
377
2421
4110
601
739
2465
2838
3795
6
4967
1581
2905
2357
368
3749
2592
3212
4775
1403
2800
3712
2841
3649
2031
1779
274
1840
1096
1572
405
3345
1627
1875
3789
2105
4332
3801
885
599
4868
3808
2546
3076
1942
2906
3640
4315
3458
2272
3480
362
3737
810
687
1764
2221
1474
2736
2116
13
3481
3999
889
4764
1857
2648
1141
4892
3877
1362
3682
4848
3159
4249
228
1242
4014
2820
691
1092
3988
2748
230
2743
208
3644
1620
6
4912
3126
1664
1232
3142
4544
647
1739
1309
2640
3138
3098
3452
1415
1106
3756
691
4724
4674
4118
673
3191
4672
3542
2211
3256
4170
371
2744
3531
3946
1946
1415
2782
3812
4921
3242
2693
3517
3143
2264
1151
903
4072
3221
2831
794
2650
2625
4342
4072
3047
2839
1441
1279
1863
357
1923
639
4319
2950
