362301
1662144
1562741
642153
9684801
3330086
2745853
4232228
6184797
8816080
1982011
4639746
5829524
8352243
5600218
3683838
1944455
5567899
2447487
8654194
1025024
4992079
9995208
6730020
4923008
9823825
5726855
9836767
2503078
7705921
6785327
9991217
3244660
8346298
4926345
7552169
2077059
7683628
2074885
7017408
2082612
3869259
2501163
83449
2383579
1626241
9725579
2070830
4783922
813749
9251579
1050565
713103
7940230
2693667
6930892
8180099
5578451
9933221
8145794
6430352
7353028
2591780
3107850
2659904
8898444
5548805
6866367
4275171
3857728
5427959
3013551
5422693
5801726
7321832
1494197
3072150
2405766
801737
9719286
4685754
1890840
3000632
2407956
9399800
5403391
2518850
8761327
6490467
2449594
948522
2202541
7565489
7922059
4084129
9830548
65089
9347755
5257334
6292471
90064
4142644
2043040
4227380
2936849
5328309
8189090
4572695
2882249
8735564
7777166
7904201
410234
5951826
8922578
5531471
5346594
8996591
2203519
1335456
9564081
8065275
2498469
7302231
3072880
3987337
8641301
1213682
9990131
2092718
216243
4986402
8224325
1831813
6709023
6951367
4012040
4627240
3457694
1274222
5761080
9291389
1585938
1151087
6084124
8566381
574305
5199582
1323679
2242786
3660059
2185748
4993743
6215925
545836
5972375
2686402
2538259
3546708
4277724
8868648
6399115
9282263
8076736
8315948
2465598
2283007
5171377
9603476
6058751
5657967
5054299
4007139
9769222
3110229
3531269
3653064
7460631
2753627
2490354
4475853
2000474
3588004
731271
7628401
7183335
688456
5570055
4178675
7258728
2754773
8435205
2532211
7228972
6710073
9133430
855320
8619603
723723
427721
2569959
5850724
4248029
9041295
1337959
7717424
3296710
3240818
9518726
9657140
321051
69875
7898675
3223171
7096727
1485071
3734405
2324235
8415280
6434395
2874254
7391405
3788893
3536238
6530023
4929220
4743076
8229107
6679462
7739529
9961534
2818661
2224477
1498022
5825878
3709214
2663241
2575288
4390039
4747471
1914232
7055155
7324460
4634424
4645418
8692360
1892598
5188990
1827511
2099731
7898221
1029156
3032795
212231
3183154
6366177
560288
66543
1315388
1438020
505321
9054874
3429660
5135245
8214610
9084854
9753747
6475858
617214
8930884
4012605
5246699
944050
4760935
2139961
5318040
2647012
2350474
3770630
9201284
1846420
4904672
7731887
7065278
366979
1387418
6761631
4117752
9571264
7107827
15098
8670054
2674051
2691979
748790
9791260
2002075
8740956
2962219
9170959
268434
2797876
9162449
4188079
5383135
6062677
3375643
3983385
9316936
1150148
9566613
1145287
2597155
3652116
9345585
2816889
7303637
7489908
1358626
5643916
6716984
609436
917161
2613577
9515315
8143022
1356183
2313702
3934387
9079733
473708
1010521
2985829
6982296
6991880
7515689
2768402
2225271
2524329
8893820
3882926
8363817
7923820
5594319
3145728
7627473
3908337
7755455
9848059
7997878
9494549
7540278
5693545
7692875
5470093
3053880
3727556
4076005
2204753
4018269
9673884
4686623
2267701
1378044
477963
8687707
200577
7000636
2647353
8881923
3617243
1501300
4136923
3495314
5807135
6095370
2461488
3931376
5211512
98080
4576007
4701365
6917068
7581149
9162103
7174270
597950
1860485
8610215
874971
7725538
5397668
3773213
213126
8251080
1413800
2365912
1014415
2161206
198766
5494471
1068290
2946315
7791991
9637673
8328596
5307548
9188292
1837017
5942452
2265692
2023599
4618122
9528081
7617236
7638414
7043986
1624859
1024216
2050331
431831
3912672
1782586
6307202
9992591
6413353
3511233
5354415
9682876
2761523
9112490
7348126
4991192
1513594
9606973
5929869
977210
1573688
1590612
9700221
6097474
139011
642991
9327367
9714431
9560144
1517946
7314039
315573
1764079
3506884
3164340
2514933
1375044
3066833
9878312
9902727
3265658
1701701
4929995
2440492
2838951
285702
512980
5772432
5133635
3117208
5441119
1967328
9648030
4708343
2348681
9918463
1589262
2429864
3725436
6814730
8696827
3013214
2629746
7500456
2976088
5350907
8767969
8186899
132508
5612390
341623
305221
4669002
1407537
9466217
3157684
5743018
5305651
5729622
3665702
3428993
2249172
8267420
9774925
1498895
6476516
1489874
872608
3276515
5730028
741533
1879970
5720272
4750098
5477202
7881433
6418586
245671
8385685
681975
4823518
1812502
3668496
7588059
1224716
185152
9867071
3198342
5805128
4456445
456341
3906676
3325260
339569
4252089
8721133
1927651
3275567
5862330
5171906
7241820
9425950
1982543
9005370
3364597
2715356
4354557
9352019
5381791
6438623
1101999
1920063
2794553
5495809
6468077
6807351
6818568
6993194
4713285
6203785
5832744
2863880
5138252
4285087
5126060
4900037
9699116
6718954
906876
422350
3138973
7293495
4442218
2675820
972244
8799047
32046
3035321
7431269
4412205
3634507
3076941
7003054
3400187
8078320
9427087
2226411
5471191
6920151
2244668
3060261
6841719
9265941
3160444
267940
5529123
5022596
9696952
4279141
2078715
4935006
3732654
5049456
4820998
3422241
1869023
399156
9956393
9857612
6530929
8533226
8598001
8786189
3816524
9453513
9640452
9336272
9649217
9257340
3563685
8441086
975556
7949378
2766717
7426860
2880831
292630
8140754
6169370
5662549
4797780
2038811
9151150
419997
3587851
4098355
1019236
729365
1677709
1573852
491758
8170161
2662910
1556836
9283890
3182726
8854687
1741848
2632749
7253780
6019818
683319
8687739
5471006
4325293
8357771
6165873
8879650
3468352
9199798
223793
9382554
7525887
7203603
989685
9002720
8865377
9647502
3218057
5379398
4879401
350563
5443791
8951258
1662216
8809841
2713259
8549771
6918612
4472248
1203198
2464985
9720984
5283337
6719345
6190802
9737688
7464662
8458229
3384157
8668496
9666139
5126200
9918448
6202721
7495861
194349
8932194
1864327
4944741
1429167
801800
7928839
624559
4703649
9124849
8083868
7044844
9517321
8086169
1778814
8822428
405150
859756
6189312
1083381
8623405
2711413
5560395
3216234
1446518
4719854
5739023
5364709
436408
2935055
5871993
2868238
8716775
8637530
4952308
9888371
2182255
7134412
560724
8282494
9608913
5540543
5733
2709767
8662605
2671649
3396903
2545437
6213746
3627368
1708054
9094967
1103743
9161359
7512356
8111360
2137698
1238077
3295719
7201053
693850
515765
5421254
845753
3791047
143968
9581984
9372303
2716780
8841388
8014130
1615921
4092213
3006494
3934997
4027541
5547425
8713627
2762446
6437599
9672553
2432975
4376273
6543392
9996972
2453044
7672179
9237099
3847156
5531147
9727613
805814
8004277
6184649
7203876
3847208
9526927
9230060
4281406
5858249
7871820
1067123
6152125
8131916
8106496
4375122
3018902
337190
2106915
5982667
271541
2676785
4430949
415934
359380
2297610
8606091
8417303
2038924
1514469
1993732
9699309
996446
2429132
6520494
791751
9199357
8492494
6185049
2321986
2529833
2441414
3776877
6757284
3948644
7019374
2965595
4984786
8747314
7885351
23343
1222408
1804437
6572715
2658108
2150573
3306732
6069451
8571201
7534597
1962147
5082075
8206236
8862325
9578639
5163355
3666705
8520388
7216677
9830237
3043749
8101537
1028030
6455146
5667163
6464486
6823331
6647894
1299982
3033910
2232265
87765
8119524
2048116
9704015
1269334
516873
9468895
7925456
6583528
5717165
7551906
2293461
6547928
7649853
5573702
1370662
8227694
4909968
9752249
2308688
4740609
2299461
2239441
9704428
3364599
7352641
7774243
2209351
1036167
9081337
1236685
2818489
6430632
3699203
7055249
3545774
5234788
3056953
5427562
4573778
8179184
4548979
2737368
5044225
1429251
2926424
1472021
6840548
2478859
7581636
2205962
1733579
7078329
11589
4049432
1437244
9750136
7152401
2968746
6699964
7501689
5599281
7650806
1162336
340207
6593051
3200601
8656552
6995770
2008660
9835799
2850641
5744813
726788
6329986
4335012
7243187
3108742
6948866
3443043
1491627
3479403
5199837
4990431
8694522
1476674
145813
1248886
4886191
7652489
6169331
7314979
9664158
4799636
7673229
5194715
3446425
5254956
476463
688596
4711706
6225937
870822
697538
6785927
2694668
2717786
5920840
2628479
22045
6446993
7831747
3373720
1517146
4378085
199464
1241019
3311337
290041
9299534
5899207
89107
1231575
4274897
2406126
728489
9620140
5719359
5481074
8140327
8097281
9890364
2972371
7540342
645027
5576471
1611865
6917047
7982776
9906267
7711245
765976
6286868
1219528
5658180
5121929
5947943
5262437
8488149
1091206
4480659
9154276
1775480
8580561
8154186
8090614
1919034
3102512
3885137
5346026
9706771
7760699
6006658
4822066
9500298
1421621
4801369
6785027
5059858
3417096
5834119
4062803
2089433
5427534
993346
288056
6959512
2274064
6465684
4372572
6402206
4440614
7295625
2890485
3727805
9260341
3139862
3295725
3814039
1822824
3330044
5934918
2584371
7386177
8113591
4098904
3266949
9902088
2856391
8080474
9362407
2331782
5848513
1597207
1289472
2263003
7742074
3548646
7460108
4032839
6568838
70596
9154889
4013257
8970109
1542337
1648467
4058269
9906525
2328390
8679763
3768799
8177932
6384965
747707
7099142
301631
9892403
9368994
3948468
1317846
4395938
3156714
1808514
2568132
2365937
5205
1452745
670010
4209135
2599866
7852662
1673100
7464753
9736761
4777980
3082607
5977930
2874294
4840079
9503846
4935867
796990
152031
1389920
2999133
6277490
5059239
2585505
7915586
3520442
3348018
9387400
4629454
6624512
5490266
4872945
9390893
6689180
9032384
451400
2860847
8886435
3442292
3063825
685234
8340067
9068059
7231610
2513770
4754512
7712565
4677904
8689882
3344612
4910150
1997392
8431278
4283046
5388483
9107250
9175388
5702284
4572379
6692557
9802127
7844988
1253428
102178
6057054
2186209
6540373
8834261
6724511
1400329
7049044
4908473
5858436
2619613
5701700
4929018
1669517
1222354
2061561
9970446
463147
6723121
405958
2371194
7014885
8112726
225418
2457137
7958145
9822643
6796977
8860880
7449992
8355935
8300533
3236718
3646996
6119444
2992336
2854256
6533442
8014534
7413402
1073997
4513716
3789326
6365179
9825410
1236311
4081276
8596455
3998329
5267456
1424080
2145400
9679266
9155539
844917
984877
664795
5258142
9296775
1201126
9685734
448847
3649111
1898613
3154389
3705525
1196407
3337093
4060190
6177570
5007714
3322417
4304603
4619858
9973619
2872257
1097622
9249914
705503
8181023
8669259
3627032
2420145
2447457
8672914
990408
6047053
7401286
7902163
2373208
3991134
3503744
2171663
1020950
4070265
8171190
6945556
7918970
2636206
3016035
5711631
3925876
2119939
8052176
1102314
7756680
4330283
7673232
8690170
3048937
5419674
1948742
9064668
3257110
6263643
5858454
5391258
3216080
902366
3831823
4065151
2650845
4142669
7434486
7742926
2260680
3407227
831709
6318954
6477961
7301361
8574493
4090242
3652901
46853
633307
4072700
3978176
1838693
5492566
6164972
8810892
3919450
5316848
516395
4750432
8634742
8193934
5555651
2681711
9677439
2943233
1891212
3212549
5478797
3920287
4816277
3864010
2157762
7588758
6061130
174907
2110426
5375371
7275113
8760068
9500437
351836
7024167
2649279
8836425
6145424
8077045
2994926
5366870
7979079
2114687
1374305
9966697
1533363
7110696
4012907
1539496
8490732
1026660
8779063
6314398
2277990
6533078
3626386
5649240
1039238
7516441
7097493
359993
2477954
5398969
2512715
5409581
6940775
489042
3484546
7837196
5508042
6931318
5292799
5814240
7745131
7886892
2590483
1924087
463433
2596821
3331135
4532038
2765414
7254065
7262130
1406315
4155222
2213000
3675015
93606
7709611
1763901
1599077
664172
4081583
2664171
3801604
4359772
9488627
9009876
396025
2372637
331371
4559172
9000364
4147127
8171775
5625580
128120
1899209
100170
9050787
3120754
1804847
1802695
9848485
1247005
9766578
8139513
8987052
5801958
1068311
3253248
7247327
3907668
5124426
371260
7191793
2977325
131501
7072670
4214074
6310778
7603610
5914834
6680330
9719829
2917108
7409580
1290766
9243643
7259270
3825249
971668
3110854
7908268
4626293
1977939
8479656
1723562
4335497
1900126
9149311
4720694
9387306
9661235
4871858
9682963
8773372
4493588
1805024
219880
5481802
4823141
8063090
6225211
9352850
9604116
9443867
1419606
8268195
7108615
5965867
4725121
9145429
4626743
3505130
5137713
6329952
7508164
6123355
2946897
9875521
8397652
9515268
6134672
5226170
5643060
986016
3046685
1970847
652611
9261448
1087299
4959969
5795930
8456377
7249728
6724404
9097937
3452446
8055635
6766563
3229774
9242025
1545435
6546471
2292392
300059
7383919
6791111
9430957
2726417
4175032
1514501
4643616
5949221
4135820
8395831
2666383
8497594
6574031
3950903
3328465
8348730
4237285
5798734
6018609
4949190
7317336
4777426
6852556
166251
776265
6715477
5640067
2385770
4072367
442141
2355800
4864731
8369756
5181790
5030868
9179888
4008231
5913421
6022322
7131857
7481406
1027531
2012458
2703730
1280820
9292781
3229051
3816929
765112
435422
8092687
548982
963381
8620364
7570641
3300201
8237033
9827402
4345385
7409276
6151573
3792178
6627545
1686822
1727775
1964251
7030907
5772497
5947209
4059047
1717150
6994910
3905987
6070691
3877209
239339
1301244
4277291
7914622
4029473
6467125
4413097
2517939
5557198
8483852
4138599
5149887
1816198
5359858
1610556
5490132
553541
5060242
4647268
3024923
2699158
4557286
8155745
5606221
9672046
2237751
8549596
8558810
4046139
2190531
1132647
67690
5438778
2370740
9296558
3011472
2530406
3531812
6747495
9740803
7559709
6814694
9441383
7559232
6201013
5282327
9889132
1410812
3200175
2799217
7686860
5350424
3358673
4305586
708005
6554725
9751148
4333807
4209728
9911463
2289036
8358867
1561632
4839608
8996733
5974330
6859625
7375723
4656359
9553751
3626222
4871640
6073554
5739743
9308023
3960872
4253974
164652
784067
6054925
3631248
5056206
9830168
4667413
1296572
1866484
293842
3377247
1642882
4923660
2410427
178855
1841369
3189356
248812
6139858
8194198
8755801
6557594
3041808
8078632
5844634
1339486
4298685
7998867
3641632
7463891
8812846
7839732
9668611
3551644
6001301
5550494
4102910
9818025
4875762
263229
9723199
8350042
9744370
2056296
3407335
7073966
4241753
7759322
2348236
4198590
6894291
9897202
72552
7605737
7598510
4148974
4940330
1643185
9715315
3993980
2390550
9806323
7417564
8466742
1540538
7610232
6148426
1575404
8538579
716753
8069977
423526
5901927
9589466
6984985
6561235
9152177
7650409
209305
6766270
6123143
7415554
3083407
8819834
4263109
8050937
2267670
3937566
1277556
9956201
3239324
8621598
8452710
689686
1807962
9662461
8014328
6489182
7108781
5569198
9859478
3432639
2581586
164442
9434511
836013
5256716
2152584
5416273
7530404
5567365
2761200
100090
9090463
7626571
9525579
7769698
1662731
1136467
1447466
9002221
8745079
2376650
9389014
6534091
1566736
9012677
6586433
128527
1890705
2230023
7943492
4264694
7894118
7869316
3187305
7620163
1762422
4469539
2121060
4837504
5554629
4220398
5726515
9527974
2578621
7943890
6300160
4806624
3169357
5201737
8477292
1910267
881844
9177233
2874868
4255212
4526137
711916
3313635
94406
1166071
6932258
5819027
1388320
9640657
7619583
6898625
8288161
3179691
2735354
2564793
5312394
7144579
6212535
4790721
7926771
9223822
6870441
4345861
7803172
1814932
4617057
1270880
4887277
1884606
6860990
5454152
2452889
406115
5570085
5261486
3623355
4073802
2508851
3858939
1432791
7242104
8311171
9834590
8412879
9973854
8994877
4380191
9625423
2996533
2763546
4526703
7068326
3254925
9089529
5072091
2535895
5526723
2318920
3698042
3429
8037190
4984305
152218
1916198
7332549
8464868
7161723
5022907
6872299
2961453
7659194
778394
5608755
8233700
6373425
350424
6099933
4158178
333240
9996940
3810408
1791936
9354533
4761147
787332
4620308
5973427
7155225
517869
4466319
8445508
83849
2237284
710472
421982
586686
1049919
2469712
1653468
8891633
6338479
7538568
876252
3096028
9275430
2773915
8256024
9976161
7529281
850919
4600334
686369
168005
1541862
2172468
599638
7070305
9328963
4055932
9815625
8404189
5545387
5940702
5176254
1440226
5686489
8060092
6100168
4636706
2247949
1315567
8108971
8770809
6082946
458815
2683774
2597096
7752180
574885
5002551
2494297
2901173
9317515
9658328
8148789
9139670
1092796
2479889
6516226
2782301
4362281
5276433
8000404
7531651
2584868
2413307
7698529
2670957
672538
9970160
7639319
6910206
6555684
6039779
4099622
4532227
9220485
4133906
9545709
9501653
9577387
5575016
7098342
9514109
6084039
6294662
5450395
2919325
4416857
8004447
3934578
9267774
2842741
6376294
7667244
371323
9400133
7827679
8364944
8858563
4526948
5088574
559185
5834668
6558433
9093725
2170185
6447422
4464279
8901522
6171648
5322215
1756751
4238887
4525615
685647
3799795
757960
4383781
1157974
6112961
3937383
2961198
8157366
7661914
7647463
3846189
2553547
3814678
7025282
2910467
366823
5957201
3186445
9523246
7533984
829130
7443047
6796884
2750568
4615136
1901332
8404409
1100808
2907258
2177631
3075416
7515298
4716501
1921497
4770515
1347722
7787216
5073620
2043347
6733545
3420827
9540780
1322161
1394585
7547267
5533202
4473901
157826
120683
5039794
8126209
5688167
7281290
2476862
4539439
4407758
2407627
8263969
8658003
7621462
5449275
8329189
8974566
1441145
8422270
262661
6677482
9814506
4043404
8176134
6575938
7853619
2862616
6449700
7970447
4446154
7542111
3984987
9912915
8340418
9975169
9371394
4182635
374613
3063919
3925562
8777829
8306874
9590202
9678536
4431510
2980220
6201161
5214086
6455796
8367691
177470
2950203
7506700
6234286
1704222
6210822
4329182
9755376
5391884
2608252
1968630
6408554
9134366
3777331
754956
6251371
3672335
577979
4307878
3998297
2921876
6489341
216894
8397756
963723
6567031
9422050
3044413
8838122
8307014
3521028
8194351
3640645
3419059
4250200
6198623
7902950
7957530
3724890
4810788
1487729
3706098
9923725
8229206
5659986
7578067
9817762
6902204
9156762
7644273
6546563
7252860
8544493
6137567
80298
6221715
3822597
4596674
4118336
8903153
8610168
4759129
3205766
6081587
1642189
3456787
9346777
311278
7937633
3612287
7870375
563091
8757000
5020142
4009659
5748662
3929458
7964809
3353304
9456203
3876816
250743
2033276
3430385
3331895
542935
1746792
8586268
464919
9845911
730296
9761618
6389682
2730794
8776076
5645460
6681757
7965526
1506573
2192164
9362098
9801317
3972170
6013608
2170394
4964274
8769774
954133
3349997
8735408
565196
1077388
2869082
1177604
9846102
487439
7712360
7473626
1588754
9818219
5375038
825332
685957
64119
3693918
1769114
9563072
6815633
2849492
987278
7716922
3736802
8347108
2109221
6819795
2947898
11745
2699964
7638671
4512358
34361
6490833
6836853
757284
6537307
9036601
6005134
9114429
4293671
3300318
3895243
190102
830777
1316893
1437837
7333010
8051383
6374475
8522715
9992464
261235
4961351
9115985
7735497
9382385
2709046
8304504
5029950
3290395
4619876
8578824
2653041
9516607
3785755
6612180
1767652
1613397
3258771
7123809
4864791
397946
1440852
8902401
2485538
7653545
6396160
6024007
9685437
1200436
2717041
1457933
3003700
9477855
6968519
195371
7628727
9538737
4327961
9751323
5098793
5668004
751778
844788
473307
1201053
1658001
8619097
4317541
5937820
2981601
8442018
4368587
4922933
4778398
4564806
5580197
3628925
4733084
934002
9713659
6386522
8446911
2689934
9932929
5596329
3853230
281388
4426469
6960549
2577576
9601765
5000343
561683
9964006
6232266
8754355
6842803
6565519
2024532
4693548
9258142
4586093
4423546
3267596
8141809
512922
7920954
5491791
6528809
3727872
7160245
2465765
4826527
7444927
5644217
8925001
6894443
1698915
3066706
4778838
4200975
8486378
9460436
7410581
7340423
1310536
45283
2532199
4503861
4268446
398381
9477497
2545826
8458276
9144979
3360654
1622444
4890287
9886095
2573970
1522696
3575173
3500170
1612548
6302584
2235738
2377778
7415198
4803214
6298959
3479048
9019823
6759232
8451571
7726956
7663823
886711
3653073
2933559
3835935
3716291
263149
1915617
8452783
4978566
8386196
3703864
3990094
9789223
5565906
4205767
558361
2411231
2314919
8374721
2270356
7213588
1511127
3296885
2042563
2565020
3561191
1565812
5121057
6494831
7146271
6345711
868355
7052492
9850028
8414007
1314716
127215
4175051
7887033
2238632
1632292
1932200
9207314
1355077
1994863
7276770
3384824
7115681
1302079
8356325
4138460
686126
6809715
9052513
5989615
8951074
453125
2668749
7057668
6678174
143758
9822785
4957653
5055546
9881066
7028591
9629398
7508978
1904405
8740273
9304967
7632542
8556060
3693600
6768673
3442360
8775237
742418
8982098
9259797
9779132
5194960
687802
8928590
4070937
4825146
5380905
3099083
9367375
2330914
5383671
5568943
8600335
6602381
1679850
8395251
5068749
699322
2699093
3743936
7447197
9137371
4077513
4336609
1181353
7053842
4921438
7289902
8616293
8852636
1042169
6352082
6101629
1209821
6823270
835995
5542391
427237
6840057
858157
887169
3268240
3740277
1194586
5891696
4230540
528721
2071542
5708434
3377589
5487508
2226399
4923869
9249338
7435990
5880253
9262234
5721326
2010371
7283651
6183724
4842529
2145559
6560035
9574870
9696244
4109874
255471
9801298
3500660
9538351
2237053
6022097
6228519
8880987
8726660
4041467
8427160
9108426
5990138
7855125
1768191
7677554
9390555
3637483
8041170
8888469
4885610
3894102
1707616
9633260
6456202
3814736
8488899
5211205
4819077
6514574
9629267
9054147
9821954
52186
44578
7872012
2190139
9557938
5882450
9618291
6441407
2438628
8264366
901937
1703831
4506388
5544509
6695383
7829511
1661356
772208
908685
7648177
4362023
6132714
7466048
7938637
2441625
295456
7692938
7507890
5632231
8905999
7819960
1819384
8245703
7639049
6806375
5337573
5781844
6728180
9462540
7176199
1337153
9027121
9299776
8039030
1642466
5927431
2117176
8408095
7153525
6252995
4564894
1224211
3294168
4235231
590973
5925067
3665205
3736500
2402964
505217
1761853
2077726
48614
1165615
6980463
3748967
4273019
4530998
8198925
2902012
8532606
7029345
1360006
7850813
8222841
9142011
1249905
5146668
1546859
4925995
6078975
3202889
6697977
3625982
2216175
5318135
7553167
3536736
30222
1181817
512197
8199248
2350028
3852795
1767436
353944
8669027
4651734
1502728
1579185
7585387
4469963
6311786
2979079
8916753
6405658
6397477
9415904
4423679
9923479
2544034
4842348
9746076
100213
6980248
6928548
6845642
6624670
761876
3757310
4624398
8721102
8145913
4204104
753637
3527170
5936542
7096494
4620992
6265060
808239
1248665
6337980
63625
1336620
3974153
3479668
1168528
3310515
3936854
2913506
8507000
6100974
5691753
772281
421907
846619
3863360
5588313
8548984
9095598
8257685
5080077
5194629
4538945
3549608
634988
6375322
4940998
7741666
9667522
225816
9886902
2289693
7996059
3146438
5900975
5083251
5301969
1023881
4682984
6449674
9190047
7601200
9847620
3900359
7898953
7263771
1530247
7411606
5380888
6023916
515245
1198972
6065780
9830626
925700
4271306
5377211
9372793
4882187
2398724
5823771
2946335
5371353
1717264
5066718
7320568
2644145
5358906
1924120
235081
3548680
344131
9123130
7319429
3446362
1906148
2218024
1093490
2152588
1297946
3837995
1807711
7392202
2916655
6611200
18041
118342
3308581
43602
4069983
6149579
4025294
4505323
5965295
4642049
3507380
9108555
7152390
514284
173063
9459155
6000594
9236827
3502678
8210195
820280
3203806
561210
3001887
1348172
164786
5066142
3275668
6341990
7096491
2024942
1331841
3299110
1964779
2452216
4564671
8917768
5139184
6337733
8816143
5004284
9796739
3029796
4422003
4711648
373914
66521
6326767
1845444
2406658
7758991
5752111
7138615
266957
8911102
1121055
9670655
1217260
2431388
330105
4014615
2393989
2179047
9328126
244853
1262040
2428038
8474298
8202641
8910133
82601
2184503
3164502
681605
9937029
1666323
2703542
6795935
594349
8422375
7141364
8807812
2992941
2686214
2425439
6868042
848788
3701041
4516814
3542351
7016365
7386297
6924075
5654672
6587328
4009427
7519986
3544681
8520042
8041189
6784288
9404614
8922033
6655354
9406406
9969081
1548428
2211405
6242212
8252709
4435495
3096176
5919632
733236
8269923
6641687
9294347
2443997
8011049
8451846
4893203
3007041
5612734
4750677
248101
8248556
9556792
4079285
4482274
1321567
7563963
8063869
1089209
5072889
8364550
971275
1401566
6648293
6112815
7873892
3936937
5234255
3727843
8081427
9134629
3300985
6794677
9307185
8478409
2169381
2894036
2287674
6211090
2358173
524295
8453505
3238380
7244341
3924639
5489964
4845106
2526699
1291559
1459092
272882
4952498
3687382
9563127
9239768
101854
7821232
5960817
9547299
8776356
8481132
8282490
9139697
7570051
7370107
7589078
8415294
5542673
1227782
3807448
5337924
1728941
8066496
4382925
9505317
7752328
8149452
1717654
7061380
427467
7179644
7617177
6008474
2803281
294018
8065088
2371093
3087813
9079885
6535646
6663087
1745892
2032760
3216835
1769317
7749234
5943076
4118520
7779685
4440398
5211873
1576713
4379512
8693190
8444544
2330063
2466452
6413183
8290724
884284
7870862
8153781
2539497
579359
8352416
4195588
9844295
8743111
1188157
3615921
4667822
4443967
2459506
4653463
7605399
2577563
2248180
1293987
7162402
56055
6757659
9212093
237368
796250
3357873
3432454
4281314
503550
6236654
434533
5589696
395889
5456363
3628855
7900570
3230644
8621208
8157978
9299139
3624424
7717260
8381308
4571990
9658525
2620900
1595326
5212867
2788697
3734741
4741749
2137313
1072979
3264030
8917430
4797182
9883125
5862042
2319454
406047
1831371
6900488
5679552
55003
8779485
3132864
1213366
8834272
6405525
301111
8566073
4997876
4910183
2557521
1881674
6534186
4070805
2134811
3765459
1166673
2718086
1798431
7974310
286310
3438664
9062146
9216621
5221120
3008954
1387303
9503656
712555
1847876
1420123
6421317
4371830
9900753
4587328
8591858
8238838
1168883
7956048
4056681
7956299
3121622
7265700
2603494
3741572
7331507
8703125
4459423
7428467
3800673
1578893
8293773
8007798
5086530
107757
4015349
5190321
8242773
8771623
6015033
6984459
4757923
5722435
7244569
6428429
7373474
8383820
6988799
1708938
754805
8537849
2469500
6024741
3713975
5110891
3830716
2666541
8393106
8802639
2231925
5510115
9773727
5689647
2663306
8626469
1361905
9474233
6471866
638792
9152746
7717584
3586300
3287687
3992166
2937410
3001468
407521
6368111
4821959
8187520
7736421
5688557
5876524
767233
54809
976458
8336431
5621399
7936399
3826151
2650385
306584
8620026
6853135
6500476
1610693
6455619
2110244
961225
9573887
6669160
6386036
5509126
4875668
3371361
4358818
5816464
8083358
6685810
8435151
7523556
2534504
4307124
5903640
3747431
2730670
2849058
520838
1571169
7517948
7979789
4690339
5924202
4664434
9102440
1674001
1853651
4017563
1688928
3299011
9414832
9496692
3372728
7314199
3196941
8034061
3410377
9588977
991903
3350974
7743935
1219739
2587483
5811942
3366628
6221386
4606133
4148921
6880191
4449968
4543227
9003753
7702381
2963298
7585174
9961000
8612671
7437518
2468788
702558
8155114
9543297
4364268
2646657
6624558
8278015
7080300
4091189
1832799
9520860
6098652
4453494
3579761
5708847
3143024
2423582
1676206
149069
7542041
4627043
791378
3692248
2545828
8843341
6509127
5097072
427449
2764420
4899375
4680031
6787227
1039835
7667637
3184726
7778679
3741416
2076408
4620664
3829087
7297588
7923704
2440770
4193744
6415161
8714734
474909
849617
1767571
1284330
1003074
8154108
7967176
5579660
7603309
9797766
5921811
7804858
2237411
1963583
2259343
1693520
3838363
8886504
1707828
9995413
504285
9118573
262461
6364173
1552805
4860816
417714
3946136
3571618
9760429
8099775
2248445
2337250
8076083
8901987
9508997
2874837
4882034
951956
1723576
9734727
1176100
2864428
729693
94719
1181784
8573683
2183188
8776679
2921354
1325872
5776882
2412382
526703
6068321
3805561
8150146
8524944
9276040
2644797
6667165
7963711
4266065
7591718
5032157
7850884
3381182
383917
4773053
3476159
577198
6764902
576983
2486928
2059284
915873
8426399
640760
5292141
5997904
496850
6772533
2554604
2546354
5430621
163302
2874728
7389458
7270449
1833095
8553591
8697897
1989174
8364440
6475292
8528605
2800810
7164550
4353773
3926844
4536127
5562277
4239449
6722917
7199709
7416367
3032645
2973913
8096714
8396167
9647772
531450
5337220
5145239
1997625
6843259
8616279
1393451
4331350
9127716
1955141
1790479
5566379
8820659
8571465
6955053
4554410
798502
7560560
3464044
1015474
4328644
2615376
3812432
8981246
7476886
9019089
2998639
1261977
4721889
5629172
4157134
433208
6699240
6247724
1933128
8817874
6609692
6000632
7981570
8526471
6913138
4386929
3465025
7117938
5918787
1282478
6789300
4186784
1400670
4102015
7330204
8827155
8682788
5917701
1774912
4628268
9625839
1831201
7751179
4196866
5061665
2873576
1436688
1023809
76638
914654
7602135
1821624
9586556
5528719
7978064
3371808
1049433
1164057
2718119
7852662
8525597
1205073
1064414
5629895
8251756
8751145
6653182
4211823
3661436
9477812
8153498
5947354
8940566
2237948
6885303
4517936
7558736
6638452
475527
6662588
8184940
5375494
927431
6721728
8517429
5503353
7943234
5179637
3303396
7366487
4762978
5717221
2338877
1515054
8030642
5457481
8680026
3574754
497159
7054913
9118006
1140357
7525065
436926
8212269
1804803
8634284
2133066
1709477
8454829
9540826
760042
7654930
95152
6037689
4285882
4034015
8385527
5649178
1878799
9556139
1897404
2819680
2646195
3524777
5652610
7566377
80118
2235915
5609291
3999509
7595485
2385702
4352943
5339271
1391958
3052234
4822035
4324
6991816
4460095
684111
4878743
580447
4150976
5839910
9487935
14624
1290325
9191210
6708693
6797350
4517339
965107
2744002
6343961
675206
2332492
1246745
3137100
7841156
8472415
9556948
6894646
559238
4751242
2469733
3536687
1169086
8913774
5474218
1227892
397026
5814411
7840645
3227317
8228431
9145291
9205623
7291474
4466670
4301510
1824886
8583870
1139601
3330566
7831989
3070960
1712914
5272849
7928639
259472
6454621
3485510
8446552
7132352
9829541
6778055
4192879
3669342
7551588
2460117
4675702
7830930
7280154
7659239
5040676
7568164
8383976
1410927
905807
3900243
547913
9085510
2698685
584286
2257216
4562350
602080
6343262
4482743
3011049
8333785
6992363
6365963
6597659
5674089
3943048
4863464
6400984
5467347
742581
8666010
2884982
3459966
6586350
4060565
6272810
6331283
7832623
372989
9439817
3768696
2457698
6793983
8593165
2942104
3025300
1793850
7452597
8387257
4058982
4628658
2559616
9984832
5712501
2826534
6657012
8978808
1702337
518091
6867205
7925886
382333
3504773
7879236
3933828
9269461
8603288
4653054
9646354
8781721
4819680
8291885
434187
4524459
9303521
1280981
7105115
399976
743167
6252273
3947643
9734548
9533508
8265770
6234475
338552
44021
7481383
1815213
7129487
6758231
2836549
5511500
8492159
8908637
6513272
3647835
2855669
9827752
4195599
2692756
440450
5343432
4608623
1601001
203204
2174700
7996623
5091242
3506806
9165516
8978403
4266569
410876
6224405
5474788
5729582
7369967
8208621
1657443
636816
1043045
148581
7313087
8874789
9058692
6357070
8705182
5193448
4656649
2255329
2637637
9882605
8290313
4981233
8517604
2707702
6960095
9960536
2442680
4267593
9990014
153918
6860711
8888168
7615731
8780899
5666846
1747828
40538
8386684
1222966
3131686
1701326
8018744
5273183
4456387
1549945
2185830
1226266
4614807
6323293
3285432
908284
2024688
4400209
9608172
1992781
7860161
2880207
1576496
5421905
3813528
3468988
6833652
4603612
2498679
8894102
7807115
393004
7068729
9630124
4080137
388510
206396
1478470
2471133
7377678
4578295
7885456
7627573
9613825
8028447
1136323
9914829
7002897
2370864
2926142
8367788
6876326
8054226
5269994
8073948
504097
164431
6193627
329607
2130101
20679
6362813
3121457
7679056
2513809
8039540
6354948
8678473
5025491
1661074
8549274
8013824
9056828
8017465
9574214
3445460
774051
7873624
5108667
7219037
8488125
4642493
178067
4362100
461599
313169
9724846
5507363
2770536
1538937
3915814
8717363
5005084
392741
6365351
9631861
8805773
1979399
3565053
6053988
210848
8948871
2543889
4753182
2655184
936147
2341118
4859427
6103679
7708761
1717732
8247753
1420474
7193960
84706
1543199
2270835
5300344
7739017
9280056
1630359
672794
7981833
1456751
9176268
9143506
4772626
478531
4764628
9941195
1216813
6328719
994001
8374479
5747411
6254641
1478951
5284806
1647951
2899880
6026052
8378250
8418748
2991062
8434244
4254757
4564180
6761708
5784208
2866647
4164143
2667808
7552502
9069426
8224026
3702228
4954152
1779464
8957536
7961392
8276734
2646449
9859726
8433848
2754341
961428
1270802
8141342
6026745
9746165
613057
1581348
332497
8559826
1874326
1557320
7810654
6639525
2850994
8701456
7695677
9520511
3236163
1674611
7564704
3939939
889152
315445
1768126
4198130
6505083
6320831
5020212
9971880
8957233
7984284
685590
6870364
8102515
4189031
8094770
4236803
7013457
4778599
7788756
4753794
6755256
9467212
8823648
7035369
9304344
5956860
2563216
8369110
3311558
9177408
5546619
4990368
6405558
4457008
3830110
9486729
4929022
4585514
7512517
4276259
312751
6888896
7654221
2109533
6961370
145844
3040355
2515702
952650
6541037
7452406
2893806
6189196
538611
6099167
8430943
5882333
8577593
4157127
360401
1491018
4521562
8448975
6082065
522087
4961208
8295965
7649117
9537113
4473173
4127230
952391
8419646
5374636
4570858
3569015
2086863
1966620
1914697
4208656
2083248
782086
7245505
3129439
7872868
6778767
6993543
4995796
8859587
9737594
2313408
6888122
4610075
5412678
3360686
3439823
6366573
5404199
2960928
668404
5021537
657917
7096971
9008623
6022025
5590584
2660259
2312642
4934785
1589046
3825250
2178928
4902793
6214047
2117144
5828102
8407963
6502530
5088121
7636544
1644679
5992863
2006381
2747373
9806177
3702971
6205223
9806683
6585120
1242814
3268361
4248960
9295870
3782539
8024296
7756778
7214152
2583259
943274
910656
3314444
9959144
578762
5047757
4745671
8930769
2501146
7252322
6106111
3393665
4722790
1245782
5967372
2680213
7667644
4024150
9574355
517263
1364407
4447102
1255751
701018
4563320
7214572
4223379
6281711
3885534
6678739
7207189
2144014
5858611
5689649
9961946
2651465
6781227
5571370
1890854
3365501
6241971
4162179
2635413
7570466
1606790
2654975
7372428
1461790
1810071
2717313
9347482
1678023
1700803
324182
5666541
5184654
1160782
395492
6492932
8816836
3393492
1498792
9735883
3674049
8380749
5638306
5034438
2438552
9995200
9815678
3737509
9150222
6946372
591281
2923543
5459295
2795236
1185108
2243300
8873612
379897
9507933
5759958
9183870
777078
5064230
6559401
3243673
5897784
9373838
1448464
7959454
132562
5802636
2807641
6720280
4771215
9214327
586019
1522692
4730318
7744162
2497633
8249082
8038043
9034182
5331302
3034376
7800969
8929987
9585620
54812
8429596
2830590
3416003
8734917
2325320
2464275
773311
6070395
7992350
302112
495833
3379179
6830262
7163954
3131211
5929122
3860407
6228037
9704851
3191118
8947133
8760108
1978097
4750112
5002041
6633307
7113596
6512007
831556
7531690
7463666
4345691
5976335
4396058
1193853
2017587
8560366
3547633
2381887
5780681
8112976
5587912
48571
321077
3899251
8049937
6852724
1774785
66264
9489612
6942826
6924034
2919240
1653014
9964622
8297861
8265756
7387369
5245579
8756269
8666846
5409842
1845892
7864425
6085556
5809800
4820136
9549592
9684247
9876459
3503200
4043212
1532879
8508125
8163978
9595860
8395899
1033799
4257069
2842994
4748104
3934700
5019957
1599911
3034276
9936394
1430730
1454225
1592067
9094284
6731357
8812611
5373802
970372
1162977
6674478
8808512
6053638
561021
3787863
4292866
9016340
2635911
505077
7354327
7289723
7589940
649706
844431
4231686
3684401
4116099
6051769
7464561
8691495
5934196
6620259
9432302
8776070
2795016
4678508
6910
9293891
8920176
7922648
4448076
2558175
8756346
7683388
7214817
4520752
1131921
7994668
8823473
653892
3635688
9057220
7631172
167689
5620201
2926601
6908264
8021995
1206579
8421484
7427587
9726157
47030
3923664
3242228
9769758
7504554
3639167
9789432
9082226
6302632
2162585
1631957
2747036
515211
2323327
2436970
7069300
8426868
7766864
7994802
3765388
5972002
2585195
974416
7516958
2548179
6602304
1777457
1924413
6705496
7442969
3453416
4210387
4407721
2279741
1744673
1214489
8108087
7282714
5360039
9786627
1030302
4940782
6346762
6682126
3978099
5915091
9309729
1238122
290719
6680029
2023016
7858439
6368856
8257316
521797
9277895
5145156
8187702
2162238
8032222
4615814
3968373
4168103
3876766
6063543
6308467
8505616
3299611
3931242
1566438
1868912
2177736
3774336
7034809
7083630
4398884
3699109
9191176
3090909
3784349
1021568
8100168
3645302
4063423
7365345
8803999
6765614
6431870
562168
7431688
7642695
2579964
7131415
8015466
8614871
8188611
8644334
7524513
5052420
7830159
163364
5784418
2158032
7219037
1077793
9202477
4206767
3201814
2909264
1575824
6604927
557344
4284839
9227380
7615408
2785414
5582457
8971653
533062
3700859
2559962
8029271
4572263
1007937
929012
2009792
9237613
1343083
4224821
5765823
3846039
7178859
5589119
5130006
2846790
7459126
5007300
9909192
5864484
7443387
6873110
7205069
4246039
4911616
3248215
9355243
8883152
4810291
5995874
5359750
7678431
7177912
9819990
9677382
7295913
9039968
3565409
1150662
4985056
5191225
95514
5639067
4501108
7125884
9468860
5786739
4102295
3236818
4902540
6495475
1233551
2142387
673174
2683926
5297254
9073170
7139382
930639
1334671
8899856
2163241
7657740
75196
8661688
6282623
4931377
1257532
5859356
2513822
5512596
5258288
318882
4441756
608281
8465883
2466544
7869374
3945374
8003546
9619135
7046537
87027
538306
9606979
6011157
8187492
5349822
7947804
1169441
9846340
6148319
9693752
128521
6038668
798010
2266549
2149674
2531646
6599513
4110596
6093412
4986709
1411800
4469188
1584362
7704200
384072
4016882
8999262
3803447
5580636
5498709
2062816
2701522
7828074
5886727
1103315
9185817
2130338
6047513
8635055
8776241
8817231
8161582
5304975
2476864
5819620
5986422
701023
4826469
8832792
2288374
6956634
978528
2995274
7380851
957169
6837095
4502157
5744076
9785372
9838779
7742133
1628357
8043450
7430880
1315568
1827986
4805963
3631362
4657612
1322427
3425769
4091589
9755548
4783646
7761682
8012880
7901991
5511253
6146008
6720328
9016715
7173961
5529557
2813929
403572
305727
4166508
8416851
8812935
8836094
8387864
5224569
3646886
679471
1005840
7460657
2477606
650723
3510388
2685243
9773258
4494339
4390792
7758460
689215
237631
1150308
3510734
2383758
6612523
5684480
1988568
2891466
1138277
1016879
7344220
2024499
8938016
81493
5374936
1696075
5777806
9445082
2878054
5833776
5344007
2898802
1448407
6114826
5319180
1382004
8841622
8603937
158813
4982073
8872520
3736761
8180898
5017413
7567122
4057282
5365966
6503265
3048543
2048160
4096370
7856635
9582087
1797989
4085694
8148417
9272738
826005
416687
2003284
6694154
385174
8845130
446922
3606199
430625
6194751
3369437
6176758
8755151
9240874
5049456
5371599
4149051
9461535
8139488
900889
6893946
3125267
7631219
4343272
972619
5263414
1688622
6041202
2254587
5261633
72424
5862041
772247
5668626
1915072
8704853
8463320
5223946
6364723
7505394
7990789
7132624
9019845
1585161
6883819
5418040
4521057
8248127
2090489
9906310
3128225
3819210
2216943
4452622
8959887
4162320
5703564
40102
1239182
2114958
2420072
4839003
7166751
1693440
130206
1299500
3311156
3219280
5302777
5363886
7801931
4644908
4027787
8217113
515766
7016556
2484978
8324972
3104330
648249
4410895
4301814
8151702
4588089
3840170
9668972
2376008
5919897
2603870
3616295
4095664
5564500
3770781
3806885
2229108
9256017
763447
3515479
8846609
4422328
2901641
1820069
8769557
9676373
7350532
7468378
9971617
6654296
8345173
8655732
9873846
3251181
523339
5036511
757054
1262248
4899808
3138199
9486245
9501140
929692
8708602
1375853
2441822
3569373
3353329
6756986
9745376
6016730
5312818
9632223
9489917
5116800
7617954
8051055
4510939
8850657
7333187
6685947
9276055
9606987
8675733
4176576
9175460
8313371
4574988
6698719
3370463
6506949
7229720
5083816
8481649
5725137
2619775
5493379
793149
9003260
3206345
1596508
1434740
2642724
9901680
8991022
587533
8123307
4238703
1335938
4854144
7595950
2997043
3431303
880527
478816
6752913
157869
7663855
6389214
2642461
3584078
7370757
8951799
1269088
720902
6632287
2400664
3220309
3275478
1358405
7478020
4021691
6915625
7820732
6353634
4069576
6042700
8938273
7665812
2564212
3233007
5519120
4598312
9695110
868753
8240806
5759154
7813088
4346642
7896383
233652
6394751
9797765
3770164
7488936
4755184
2550835
6012993
1834698
7244884
9576794
429037
8429396
922393
283865
8154343
7088574
1966883
1506955
7176736
2845797
7420193
6836999
5230158
8304185
7778504
5487339
1690324
4739859
867454
9200791
3592309
8206256
7403798
5783622
4058387
9281525
9396412
1751200
3874760
4587586
4078764
8794242
8424
9365166
9266958
5245414
9225750
8241046
7468169
9920232
8935083
8411561
2789564
8692306
9119557
1099414
5926683
857382
8314360
9377973
9388544
6920639
5040940
4185202
6369710
7548004
9208715
3737862
9483532
6909990
4024594
3365827
2258481
218447
5471563
7048753
5944943
1391102
5586258
2983676
8729799
5183743
8159782
9611751
302074
9865709
3884027
7172226
8976786
9919646
6911657
4231677
7630778
8755002
3364274
683423
5494404
5309850
627848
7230073
5737109
2093194
438646
4040949
5132155
8320305
4888346
8673360
5644466
9116150
3506828
7535862
7244179
6625943
2279128
6328846
3973933
8036737
3205375
978881
6449342
5499872
4199728
4124664
9958729
9430308
8556789
5143959
5084554
3670801
8258861
2556186
1092765
7236165
767972
4380262
6628686
2299522
2957378
4642744
4770721
258720
8791877
3452408
6655178
5082799
1150563
3496975
4070983
1527609
4550173
1849985
5272724
8152788
3753485
8524308
670148
2205067
4122111
6603969
8998644
4751531
3575521
2824909
7166836
640298
470429
5851010
290908
6702588
7634976
5301221
9847050
2501356
2336365
6066829
7598026
8743325
4578271
9985153
4283476
7284643
1686711
4279184
7600
1025224
3297038
1287727
7429846
1486406
5331211
6104173
3662683
4141515
451448
6499957
2861281
6937051
3427974
1922631
5779453
7062799
10259
1499179
4241103
7725162
9868928
9446537
4489635
1012207
2821664
6729654
8600178
3762588
3712259
7832750
1002542
9333660
7024059
4835108
9482218
6809731
5628017
6495107
6601289
1192447
3957222
1134364
7069932
798963
1415582
9535616
7093379
3207645
4846746
6642938
9393752
9231718
8835970
7902875
3196685
8598045
2581196
4194272
3546131
2870520
1247776
1024951
7896496
1091484
200942
2644963
1011562
919530
3449251
2792854
9476638
871276
2391548
2426880
3506446
8285267
3323422
503610
5240998
9349947
6607830
6316020
7810390
6489280
5375199
1962095
9932884
1751187
6313083
8210079
3041564
5332083
7894437
338952
232612
5321438
8869559
8225428
2380639
6428761
9741906
1763064
6643432
1090755
3019317
5922027
422318
5699706
1552304
3072653
9451098
8233455
8342853
9163669
1055915
6632406
1934668
7068860
7181557
3113972
2096527
4717905
9184244
1669328
418991
8863986
8749763
6105586
9113233
9418425
2546139
928964
3754135
4033286
1647830
1993834
8786004
600387
75016
4866647
9610948
9532870
6560976
783593
8834159
5651748
2971636
82735
3634073
2458919
9582047
8378305
3558041
8859395
3704697
8267626
3650553
6400896
9925790
8129723
3823566
2926205
5858666
9936859
4191674
753319
343219
944676
9643702
7664020
731259
915132
1085787
3426469
4503047
8857472
278393
2080406
6768043
1805316
8384007
2921745
7561821
7559459
1374676
5218483
1165476
2548803
2841044
7488575
1558366
5539128
6489920
9018350
3096395
3236485
3290521
6906433
7685528
5285160
2127757
265019
6905080
3812299
4228260
994709
5960808
1694486
7876496
1466469
3760775
999491
6096039
9741243
7492301
9141874
9063996
912876
2464478
237986
8204028
5924685
4614385
9373264
9460754
5323493
6548778
7576723
5616254
3974825
5279912
4544428
3466884
5228429
1284143
3620075
8722925
5603351
1247656
6994752
5122741
120865
6887193
8728555
1131372
4255950
4382156
8664322
9424556
8107718
4673479
9603777
7997918
5301662
5985762
9806093
8660790
7942766
7231024
9777473
3254700
7883398
7631711
8332376
9842108
1679287
9749721
3990067
2153212
2985968
2783261
6976825
6625283
9984360
6396844
3246807
7903052
1786916
4441113
6651783
7104657
7079253
1376594
58637
1723449
9423857
1830404
7729011
2469759
1542918
6883238
8844711
1955489
1263992
5180764
6915712
5970820
9275438
3640273
3361660
2705189
5739364
822078
443287
55061
149125
617985
6103980
5545746
8076862
5905849
3520175
3784834
3562831
3886532
9694958
6746125
820993
6954638
9893017
3158105
7673510
6234489
7924466
7374223
7481559
4391367
2839686
5048118
4237536
4513077
7748302
1406506
4566468
5474539
7036393
9795965
7978926
4404850
6095810
4543111
7984037
6542166
2475628
2672653
6095887
6533266
7657764
215945
9060155
9135720
8989847
7772160
6930154
6374530
5937125
590566
699843
8463262
8965771
459909
6942584
1149391
7316660
9845670
6846353
4602316
2709483
2668771
3056458
6391583
7240002
756527
227893
9873033
8749628
6495139
3523572
712803
8047011
3212530
6514432
2147556
8445499
900249
8675542
6605756
6664267
7127147
4912730
1424896
7909434
5303931
8067845
9534315
523545
1768383
4138640
6999792
8312254
8014287
4887692
8102267
5130437
8095463
9638837
6443589
4199560
9721544
1883626
3042403
7082031
6401445
4681560
6290458
5487743
9598274
6545079
9542462
9134349
5615108
2435198
5912557
9076422
1686238
3119787
7231827
7259687
362370
6901026
3986560
3104958
384579
2875026
7627598
5809926
8931330
8105768
2599971
3858414
3638746
4778956
7625754
8221129
3487420
1981964
9835973
4644507
4585597
5992601
2104919
1922950
1521798
9672442
2922181
7011049
6844955
4547021
678187
1231457
2061624
7858395
1896156
3271603
1664982
2701784
1186622
7540647
327203
3388585
9374521
8190982
4460473
7798448
4901707
2527031
3978690
5891839
4991206
2790164
9112641
6928367
7211404
8787940
872292
9907548
7907212
2466538
8668033
9654434
2424600
3165253
442357
3884323
252726
7031913
4780847
7435645
4328603
1829523
169288
5233593
3367983
7789033
5428628
8047147
1864626
1160551
2655429
568437
9311432
8156838
4628596
9133752
1796318
7194182
8628071
7134060
698589
1301317
3478686
1064578
7531438
3130281
3719055
6714378
5284824
8874039
5854562
8523254
6885289
7267437
6515418
1425755
4928756
3775050
4515420
4140651
2609876
1581830
7474219
2332194
5934936
4555931
1039499
147011
243693
9506445
3625764
7235566
1653415
3828299
6557693
8536105
4335547
9987509
911370
8510393
4716788
2760255
4962423
9008266
6574071
1361529
7593538
6542918
1745608
8436136
9548294
8770216
8540331
6677897
1642566
1882497
2047601
6082373
293929
3991637
9950892
272968
2384945
6840233
1210536
918171
7973314
519454
6144178
8539792
3922416
472344
5196223
626577
7102019
7275057
946469
9745712
878759
1635038
706613
9713539
3562603
5891010
5079991
6383158
4764221
571283
1346540
5560917
897761
769183
2013474
1547819
2126404
956414
4157960
9028129
3183413
9239246
666230
5841669
6695935
5688653
1754783
379005
6604673
4595543
6191278
4730061
8946991
3361761
4726042
3677086
362911
9884128
7914300
49868
4373583
4777495
3054578
1545034
698824
3080014
2693556
5121492
4187894
7481768
6255655
9813343
2734995
481786
1161962
4442876
120923
2110368
4597163
684144
2608067
730608
1216215
2965418
8692386
104985
5078371
334983
8324043
2571061
4884346
3370258
6888490
1301698
2198660
8012560
1773111
5610470
2993833
7423448
5576776
5341291
7001538
1527203
4540752
3689339
5249209
3552528
4548175
4792105
8736623
3736500
9841374
7477291
5223962
6051824
2302900
4114559
8084287
7386327
8934241
6693565
753804
4902845
4123774
3197503
448458
9685603
2609724
3695884
9460276
1796025
1491299
849387
9914704
4089093
8182140
5130156
7278548
3711907
2073211
5615654
7796424
3802003
7295397
574495
2801942
9767836
190095
9420904
4809085
1711771
2161300
9693043
3243605
7550589
3919479
2047218
9671798
9814911
6517249
6246496
8963055
2938571
5274914
6417519
173201
1760067
9588649
5754514
9932620
3198805
4613948
3445398
570648
693283
979920
3928834
4811465
249270
6221070
5368233
2849799
210221
708769
2332825
3653644
7793418
778269
7022157
4504636
8497442
8564551
5581593
8727842
542552
8239684
7495515
2507524
8479214
17997
1108166
7441292
7180115
2578146
5145261
1810599
9875373
1434366
5765429
4379197
8762324
9611110
9693804
620376
2773812
8054794
3309356
5120254
197788
5671645
8688638
2337608
9046727
6092585
127844
7605082
6509276
443208
8233621
5513545
7708232
7278831
6944519
6543790
5829510
1168702
6091360
7214733
8363654
7737032
9463285
9336906
4926479
6056639
8230351
9799802
8769018
686936
6085069
4121693
3121652
8411000
8109381
5536855
2608729
8295954
499992
6220545
1764362
1609715
633152
8065699
3757766
3917427
7053118
3617092
3871076
1999569
2829126
4406172
3101908
4533643
7128472
399979
8170313
7224091
4589087
1918179
7644523
7921714
8592485
2632340
5085882
6272843
868695
7288668
2527885
9503990
8260430
9071501
7750335
2139682
5109082
4415780
5525858
72973
4940992
4330382
7835113
8199704
2560697
2583882
4574370
7632451
8532343
6191203
7946337
9435057
3824262
3945447
5468920
2921532
3515266
6435577
6089110
602681
4670035
6624201
2158450
2944407
3976402
545090
8235255
1478938
51821
1106153
5814019
3606934
4977898
1837547
621049
9338713
8344308
3008102
2555027
8415085
6743155
274465
5021621
9015329
3695754
8305926
4254918
5873577
1795384
1448411
9267477
8209963
5278418
4640869
9669534
4117349
4310490
4134473
9210522
8368597
5298105
9964912
6733731
5022678
2602084
8737477
118605
9097745
8155191
2601489
9574522
1798153
3525104
7417208
171818
253469
5954424
7466522
157303
4457015
1673612
1028114
6605987
5306866
3210043
8453420
9013328
767586
3496959
1055766
1610032
8451001
2479853
2101
6608350
6354285
1744825
6684516
9215629
5180974
1866607
1724830
8168782
9924122
5054704
5517582
3337528
9181744
5380008
3332410
3184169
8059565
2020631
4207485
3365029
809877
4138797
2429105
1869503
7822574
4669815
9603275
6406189
5191264
7063282
7503197
7663717
71537
846378
6315486
7880437
4201984
8747035
9742876
5828769
6364608
5827851
6753859
3803255
5190577
1236274
1203890
5874299
9359063
7391811
3154276
4429873
3550618
5618106
3721230
1724776
2773598
9138909
6870865
3679982
1909102
4416836
6355966
6614918
6421666
6915320
4464135
9858232
80769
5673301
5793246
6515680
7410551
6894496
677580
9841719
3464309
4868098
1220410
8224227
4847225
1691944
5716968
2634664
1607546
5661317
5051145
4284448
9953926
5846285
4194490
4280024
3226927
6702225
8882595
9076718
4326999
8782363
8590662
9775918
7428974
7103925
6987187
3151808
7444225
8607107
2392779
5536689
2944759
3749240
267776
6342168
9232301
8655568
1969129
2115779
231061
9551882
7965579
3740626
594101
107740
1176485
6649501
4336909
332775
9747480
8251156
4599638
8928380
5855385
1296770
1278183
1412217
8693653
5688151
3551415
3709719
1379089
6330725
3672414
1374669
7766832
1691426
701605
4625925
8212545
1154855
9474158
2728644
8188713
7268568
3679103
3536651
1407332
240955
7479617
4901252
4982526
8385248
4993744
7038469
7584000
9271783
770803
1271974
4303183
3911917
434942
2153772
9932075
6991614
6627179
2061758
1637736
2183526
5450468
2665944
4249166
8357096
5298643
8737034
6723498
3867785
7905111
5163840
4556816
3618936
6558958
4912690
1688882
8338544
5467108
4784799
2170303
4531241
9320866
2162817
8330921
9285589
3855001
5327361
138719
1315574
5970882
2011249
5496107
3265936
5332951
3346046
3698672
2749936
9826912
3481255
3683127
5029226
4297308
351448
3712042
6657155
2548640
3491960
4829993
6191812
7697422
3215552
1129409
3460471
6154549
94193
9619595
4950577
3835252
845976
7664858
4927730
7249298
9888004
1102070
5513298
6697233
2555513
1510571
7012032
2311715
715144
9022387
886628
9622531
1030759
2298506
2041678
3279108
2165624
40706
9204836
5539795
4321921
8679059
15881
6219788
9548583
6149474
4150037
9598344
2270246
3968102
4270273
5669999
6983267
8780862
8213902
7052041
5789911
5464768
4844172
1296371
4752736
7115442
6591722
4578418
5917230
8458660
4976092
9685530
7188615
8480534
575360
220711
4980484
3878578
4792840
4850055
6926899
3864957
6053217
1364441
515270
5959066
6295213
2822593
2160234
6023186
6117458
8981841
1203427
5322482
3062229
6378946
2845071
5173109
7483985
7025531
1934888
7310902
5395414
756570
5249882
4679216
5378827
8175780
9795791
7177889
2826595
6238132
5464328
9170375
4046490
9375316
4182008
1374590
9419697
8048523
3476618
3176289
603197
9174380
4903294
1861237
2747404
715819
3876666
3804330
8955916
8869839
311972
5030311
2499164
3969786
4333475
7678663
9749330
3273123
4054721
6048235
9584050
3782689
5914861
8490548
4106828
8494434
6032553
8007887
7073587
5331946
8568145
726309
7278506
7064933
9369968
4706213
7765763
7840371
2892132
4500401
8707470
1810852
6475842
3274433
26164
1834494
5495026
4429643
5993938
6269967
8521364
5880395
3495398
353132
3526901
5198227
6166801
9701568
1283393
5236758
1867258
4219779
6995432
1927594
7467128
7032145
9924171
4669646
4483668
118265
1358682
9499446
7340951
3864855
7718642
8953542
8061621
4535908
5228063
2825639
5993279
8508844
8950939
3436929
3631779
8243147
8368992
6903162
3038220
1354118
635022
5959471
4060721
5051681
2174253
2196928
8545118
6205160
2730806
8733494
6424745
8405880
3323591
8489807
3034416
9937562
2543876
2546275
7171411
6745770
4822093
3057126
6802826
3927417
8223121
2644195
7202325
318994
9501948
3484761
9303726
1611669
1663107
179704
6330814
7884732
6463404
8631180
6138596
407153
9153966
4923435
21149
9073055
6488703
8643058
5021429
8606645
7401013
4954856
2871718
1792296
3639764
6302054
2420224
4685020
6718646
5972406
555609
2223979
1052501
9811712
2474033
1756193
6711383
1669016
5192024
1624860
5715206
2041054
8245681
2296704
9349320
8035981
8236555
9062109
8627368
2364550
3959104
5956546
7144770
8170946
4267115
5963272
9720180
8652451
7038899
5880636
8249646
4757403
5497723
7942164
3957085
7026217
1083100
2308760
2948564
4614298
4649152
847432
9779919
6925853
9179568
2683040
1975726
4231353
1094750
6900958
442882
7979962
1107468
9185831
8816968
5226945
418218
2534871
3793826
5042089
5603552
6162899
3483293
9023919
5480490
2523390
7225686
2511389
9909024
2438857
9621273
9905328
4668935
4116774
6420344
4913871
663539
7447327
99421
8010143
449994
1068697
52883
8706751
58189
3444694
6715891
5207297
9237681
5606253
7771528
3423537
1911366
9965491
4289302
1109618
6254048
8973381
6151321
1283030
3759992
4511333
2668734
2494722
3416354
7529926
4336330
9848651
5666610
206628
8148188
7032603
2575143
9790335
4219371
3659773
5125095
100753
1546467
5744062
4281456
8088691
2677396
3049341
3360642
8453269
6365396
734849
299722
1391301
6220389
291947
6229317
1011622
3329891
6949095
4982957
2094912
7907579
853308
6301801
5406035
493161
637556
6763178
6440247
4756925
5650925
6802381
2015345
5771305
9939327
6979913
6062099
8668621
6379019
7070414
8600811
7211339
8625244
6642850
2362024
7582095
7219172
490299
4719260
1547592
5643810
2871515
1957970
3691318
9480832
278156
5439278
9534096
6632281
9655813
4494059
4956535
6924916
6356222
5134264
6912580
5766333
8825120
4293595
3051862
9851476
6855283
6529699
7539162
3616327
5343412
5978009
1247856
9173560
8526189
2092694
6892264
157738
5566661
4772841
5111896
2725800
4611818
4823133
4174438
3979422
9210870
1946733
1260184
707744
9176914
4509237
947745
1507601
8576233
7169019
8802378
768230
8475498
7798902
6337438
6151010
1110350
7233956
6462592
752555
848289
675424
933671
8588749
5919800
4727576
8697593
425500
8044522
8876331
4548496
8831401
3319316
6745166
9955263
9017170
2697558
9454307
30379
5851700
6244285
7217562
9686406
1961359
4976542
6854079
1493024
293709
2167787
3841757
9832010
8776202
605593
1553068
3350501
9533625
164750
6256489
6274860
3851451
8342196
5393469
4029253
7376904
1117509
1162544
4646355
745113
5703820
883279
9464216
8103619
7302092
7028327
3632833
3232694
167734
1967713
3082243
722316
2471112
6846386
2833520
9602268
554420
1948318
5249568
7318326
3111143
5789485
1307334
2228986
8120187
1674984
6576803
380017
9026842
5964416
9879955
8982920
5245613
9864015
299465
9166012
9140537
1406658
2745779
5175480
278046
4575435
5042219
5723938
8494201
7533411
7653407
4123026
9932833
5163987
4057823
7809798
4694596
2123576
768826
9803360
4222708
9812952
2856256
6195485
6103648
1748300
7225111
9535216
1599081
1619494
1806848
8004771
6190361
7067144
1773413
5828500
8427289
6313074
7928573
318899
164095
3478961
4196559
6784585
1687026
7740913
4287464
1127754
2341257
3200201
4637390
157846
8456261
7848722
7962175
7013901
749966
1254828
1781922
687663
8299976
4235349
3251379
8892119
261135
4828762
5597987
562854
3667341
8266767
8358929
1716030
2690244
6282480
7749818
2730944
9538737
1774654
4933648
6624814
2803847
1139567
6798471
7067136
2533775
2419584
5983126
4721094
8379674
2639153
5363566
3571115
6733683
7256718
8803599
7715830
2803043
5728296
8769935
9889727
3482587
5395643
1696770
5022816
1761779
118894
5152687
8428474
3822449
2593049
2447273
93825
6066694
5266091
9498386
8682226
6343426
1819285
9015608
2283146
1401615
7055687
5047565
4117477
3356403
4110011
5401885
8794081
3670433
1217973
574128
7641765
4151843
7835737
4745923
3130279
5004330
1975291
7469107
5635892
8664834
1754946
2445677
2226661
1525294
5037085
9358255
2457563
1522762
6841878
532337
3595347
4250837
302639
1716072
9258312
6409680
6271230
7654331
3786135
3081326
3805712
1346076
2004006
9439357
3792120
775046
9312842
9445549
6895967
54283
4252478
5332159
8395491
868169
6107181
8949790
5536783
4603666
7505621
7436607
1861070
2090333
7267436
7335894
8752411
3227626
8763787
9227217
6355697
1912410
1563079
2772788
13894
3500837
7144919
3396587
7218506
2303497
7240230
8423147
6455464
5309520
7708452
4306339
7646535
1805758
8027232
6123773
2043606
6565265
4816832
6904576
827986
2147471
5477153
44834
2205965
8072804
4315668
418717
2587787
9625026
6727135
705361
4015648
9491672
9306201
745257
7940671
1999263
7409299
2800877
708417
1652075
9327701
2424199
5188564
4958143
1099792
913856
5165541
4352944
4486432
144256
8755616
5675257
996822
887715
7457949
4347724
5841929
968381
2841465
2620073
5264899
9719005
1653200
7872300
873687
6566029
4496242
905184
3209394
6433531
2606657
1423570
8608708
3490297
3825765
6842376
7229369
4602012
7576515
3108317
9970847
815020
8789713
1170107
1740817
6363667
1510020
9704581
1646519
5015705
7856140
139528
6922331
8550629
1890282
3292899
201063
673857
4385376
7599151
8026284
2850156
8833749
3007134
3074932
4137995
3356023
7262378
3684930
375339
146769
1956457
7545293
4381672
5597476
2533730
1992135
9541061
2058420
3246408
1103032
9738242
6787056
6250505
4934434
4841233
2161905
8066398
1386530
6406239
6389044
6099491
86080
4231262
1250720
3588960
1202011
3744335
5230094
2710577
3399591
3628392
5530211
5371523
5926920
3323264
941207
6825762
2610832
7919394
7677542
1098336
2338344
1813192
8881120
6067411
1822126
149068
4511584
4407576
2832784
2299327
5057690
7189688
5959556
2301565
8930581
4817534
5354098
986682
4533180
1142574
8763015
4029044
4030260
4441513
5212386
4466993
4256704
1838633
3045284
1558182
148499
1175064
9498179
1646972
380956
6291477
2629907
7143945
8299373
7888801
2471970
3736912
7987623
222850
391108
8662743
5475568
5917045
2847467
9417060
1260526
2854560
6292483
2511915
7024407
6094357
8954890
8381791
916619
4206139
4291204
7749
5284101
8177605
4270000
2828663
4884479
6169516
2522424
8617812
6333854
8104688
6972599
5708475
7677346
3045948
9038998
2252150
7852711
9047804
5317784
6910575
5203355
1178990
7053766
2946880
9006670
2262574
7497537
4376920
6897813
7437718
4219338
7897228
946506
2717988
2757238
3267611
9142640
6045304
2238338
2151958
321746
3934446
5698493
395882
1748025
1910865
9977722
5611828
7267531
6554178
452874
6621955
4024885
7009791
1892450
5045714
2502641
4481841
5186385
7625758
1495427
194540
6303924
7881073
8640092
9730116
1159214
1666579
1907463
814620
6639890
4295641
4656517
7842519
7500275
4020621
5169349
6719474
1504129
4286929
1892859
1766348
4467541
7024907
8743419
6450113
9936909
2930366
9346933
5930338
4032953
8367895
9467598
3933943
3364294
6070132
6227050
7056225
7085969
1069750
4754017
6243064
6800131
165489
3535047
6518727
1692623
1446647
4985683
2820894
2614054
9672131
9100702
1373594
5863786
9235607
5846819
3077082
5006325
2692623
6844017
8460155
7463513
6055517
7729728
5922547
7203962
5008880
7006504
3567753
5141606
8562903
2872659
3010270
9801937
5308046
7609793
1983131
7554646
9515302
9267789
9441772
2301337
7016100
4849755
7499139
9428067
4567750
8173532
2973422
4159304
9423921
4909428
613555
7740009
9130699
6267164
2738468
9707614
7739796
7237271
4696905
3922215
3500764
2025268
3590679
4921298
4792649
257907
8425331
5041923
2615069
9985661
3255754
1838537
7717257
9784655
4140917
9364591
4631506
1812296
4747739
4920245
5805761
4017166
6364330
137392
1078188
5075926
5282628
1631045
1712193
2612900
9417299
937642
1800760
7518702
7600973
9059501
9030395
2193151
9359951
3861752
3285415
7311569
6434002
7650973
9774146
5877541
7090701
1830093
9349178
8135477
3022963
7134227
9106789
7737921
3025286
3799036
3850565
3203079
4990293
5619251
1957518
4219620
6062263
1429610
3085410
5994415
9963319
6822768
8688213
6323625
8194379
8477592
1600993
9526708
4589968
9861023
7596512
1490896
3627110
7628194
1819793
6815876
3014823
7700561
2029486
7378429
7115071
6511091
4024135
9445187
5902547
9988882
1136591
2000714
7312986
2071938
1724690
5138512
8249913
5360231
8294349
1506923
5593842
548855
3940538
6160435
9975048
1845151
522995
9383049
2264573
4915376
4600040
9307410
752946
8767879
2629096
6443443
23323
2500283
2418957
4945289
7813260
6639924
3472410
5575142
4351549
8692414
8705158
6077947
2062064
3358108
4930959
1649915
1599749
674121
8902666
6855449
291063
7690924
8980795
9816419
2010691
8872758
5126817
7392907
89305
7389640
5560470
7529302
3950791
965441
6862163
7347735
2711
5080041
6569284
7841003
3937283
9790462
4591827
7494662
6308517
7377953
3179677
1763151
1752001
6121096
1392126
8076063
8691016
5396653
1162153
376358
2986931
5761288
4865816
8581823
9802041
9178124
987865
9556475
2538690
8468154
6355592
4896019
3476359
7350491
1216526
5216910
1060753
8917766
2603687
5821520
491623
90534
4431854
146172
6759911
4887150
8497008
727391
1516591
3769245
2386608
5515497
6901390
8511428
535531
8500051
3535625
9729641
2723055
9786015
4443782
5794062
2251368
8396957
174387
4734220
9794355
6955018
9163397
3993463
7720175
6182862
1282673
5101443
4712475
820836
7357868
3128604
1960768
4704036
8380029
2200626
1424798
1782543
5872593
1125449
2131709
7765740
3297482
8453818
6418014
1895771
9152934
4913459
7547624
4885994
3971756
4609656
6379431
9117562
5615858
2690363
3483689
7240248
2244628
6947280
8060267
3812783
5425034
2903917
4158026
3216324
1362369
5727024
2499549
8454244
7680387
3802760
4089587
7137325
4409688
4362906
9169232
9440870
9758316
6263069
4229725
1698289
8092569
9652891
7821350
2893302
4265199
1820420
7378122
7592480
6000987
2446731
52436
9727704
5178853
4875316
8619061
682545
1770497
9755791
4369061
1824435
2052294
6557197
7544768
315427
3184305
9338294
5842127
4367790
6712722
9007031
4450735
2782230
8158964
2427730
6902359
5512732
8616598
3239003
5553468
5256918
6474948
715946
413608
5567498
4273246
7140438
6512452
7522427
6935183
2845560
5560389
6249027
6630277
4787486
5257782
8183267
9635363
219317
1257360
8273202
8239831
5210501
2445174
7836073
7845937
6692955
7358059
7850875
1027001
7165397
1338760
8246670
5474508
2774877
9645451
3361029
4773375
2570540
4744601
2283852
5624548
7525881
3698536
6897252
8740894
3505315
123354
6777629
8800581
899949
2416564
7386029
7423986
9713310
684773
1721052
7985155
1554475
451158
1906067
9763772
1312999
3335816
7322702
8691043
8681865
7699842
5360777
4059365
9071019
9513307
3629791
8930602
3321032
1847013
9264488
1392005
3688975
8389833
7156199
4711499
6281348
8188204
9635227
3021092
8815086
2515057
3240845
453291
6268456
7446060
2506989
1355358
2301547
4885628
184455
6626447
9418475
7862765
1291130
2759420
8443825
1757439
3189255
7846629
3680681
4068130
3409827
727569
4094928
98115
2658682
4969533
3622805
7448279
4885726
3034720
5995515
2274652
2454291
3775814
2538764
340884
6533476
4851351
2261777
1880960
77799
1841076
9008710
9498265
4822664
9703864
6203806
5713797
1747176
7310461
4778112
4878480
1905305
2430040
989760
5174100
9196036
2487862
4085969
4118894
1522469
8510899
8619221
5253619
297759
9310677
934656
2528938
693906
5437978
5607356
5423555
9535219
5736816
7328157
2075105
1094814
5869379
1792624
933665
5717990
5773102
1135270
2626993
8377261
4717917
3909090
780468
6305244
7442523
1544375
4615478
9734466
3865355
4744794
5435950
5458884
2682992
904372
1001623
2338362
8927671
7511546
4302300
9301883
811408
8996912
1107938
6445711
3251600
1674284
5698482
1898885
2647638
4264109
1948446
5641110
3824852
818766
7466647
9143938
3313894
5673828
6930677
4801170
8169049
8142077
7519704
3928546
4885467
8984958
7011004
6462945
7331111
7953502
1653871
9363474
9626682
9856976
2109791
6806899
7450218
5839248
9800995
5909828
9243299
5902091
9909971
1737599
7869923
174678
5194741
8699062
7286827
4745907
6997833
1229559
6584310
3602232
1322996
5236562
795407
1643945
9019281
9910914
2220638
3354152
3559654
4814510
1206106
6652112
4400223
3894046
7091413
4054945
3373256
911555
1413251
3697273
6626996
4984017
941880
9600656
7275857
2347909
5680767
5107656
948066
2579234
2267435
1300274
6832883
2245142
9030305
8773969
1055610
1879113
7025292
2534143
9336612
626770
348424
1282497
5711692
1886912
692749
6764816
2569562
6547511
4046852
1678684
5720448
1306416
4038981
1957663
3834297
9522122
992278
4149262
3207554
1215579
3455482
3370566
2666912
8885155
4141573
8596991
5133929
8702121
5028644
6579593
3576333
4815354
5230302
6162253
6177029
8141684
7450243
1075277
6525861
7252016
1967959
2957761
5804146
1182615
5814274
6319867
1347556
9363095
4207502
5230735
2922040
2095137
1170081
7921162
3330609
1843461
4024979
8732265
7331307
7055722
7049877
752042
1066541
7743889
7305694
5178459
1373366
6759137
317362
7695614
9653212
9403277
6424364
1599177
3972004
1862973
283538
3328308
1579433
4065407
5132371
8572795
4574636
9216511
5890591
5019048
359369
8477492
6873996
9438255
2364026
4853504
4838082
7404067
7143357
2336670
2247974
6300744
7480179
7838800
7684259
8498402
7769918
2227119
2700537
7724037
8635515
2787034
6671396
7929799
6109747
3436753
1763229
668776
7804044
9626953
9449052
3777211
5147871
1454122
5226916
377378
3081128
4928991
7471754
6986462
382547
1218545
7057451
5566571
5153426
104355
7801252
460003
6720635
4183040
8798332
5335021
6302133
213545
486990
7612587
8599874
9529468
7942801
8795852
3503295
7913208
2546328
1990783
2289754
7676374
7953526
3350605
9531715
3959569
713068
8587050
5481230
8692163
991744
4150773
4136994
1578336
6884419
3701889
2822645
4987242
7212907
9041819
233998
3669705
7677148
6694925
8427652
3771364
9576365
6504850
37144
1173395
225535
1480685
5998366
5308121
3262375
6967065
9057567
7093243
9604714
7823208
365128
5977383
6223741
6796026
3722975
2211548
2217533
314718
1558553
9710993
6605821
2807549
7471129
1259781
4862341
5892159
232979
3091322
4448619
1473109
1086563
8502613
82224
7511311
9385239
9619725
2970730
4340013
2520321
8006383
731004
1238068
271020
252266
2597138
2650234
5592227
2303020
7088780
7660417
3228492
9257251
4271930
7486106
555881
3187252
1994324
5285900
1144690
7991258
4531976
6396006
4763115
8760956
5327758
7986706
1208287
867254
5831734
8648841
9140220
9214827
7634788
1770526
5397345
4694920
889345
5216285
6769532
2249310
1194040
9004503
7826668
7971698
5577447
106757
4275505
5808486
193613
2506643
6689828
3509750
508315
5920677
7542385
2069648
2290374
6348157
8899587
1427824
5121453
2448356
142543
1297882
5961735
8238613
2152081
5527206
8602161
9165226
2265882
3514188
9344277
9355901
8224796
9236802
3272556
1499320
143357
4022202
1011143
3288532
9387118
1782149
2349521
3460679
8083375
4341574
8195897
6804627
374025
9730811
4028815
5569732
8054858
7379851
2994991
3740351
16279
4639484
230704
8569666
7134114
3632813
1444763
2254222
8032282
1364506
8306682
8106068
7886656
5272235
8136583
430093
2926467
6085647
7543887
854119
893429
6586239
7512762
3096335
125564
296784
8347961
968999
859456
703068
6661101
7953180
3278087
2916091
3688009
1408991
9354933
2827055
906412
2362795
1403695
2345548
7375893
6258660
9643423
4807807
5479841
7166814
3448362
9628000
4469375
5433263
6783411
7615015
365216
6677569
2156703
3719583
868914
2956683
2588463
1239316
4484898
7263190
9731920
4233500
2717051
7927899
6331181
5412162
8737688
8270988
2689541
2944157
5687751
8979533
1049100
1938191
396859
9602016
8753228
828091
4978655
5045595
3276491
9151059
4506161
2391176
3961609
2376906
5771791
8149721
3251551
7995466
2474079
3773299
2572977
1158568
9916443
67141
1158779
5523683
6959968
1541449
7498922
2752127
5319486
4729779
3640090
8519936
3121589
99834
9670244
478232
24786
8531664
9953144
6814376
6743002
712541
1100839
3588611
9770493
9207860
7655032
1962384
7826977
7705308
7665897
4409555
5939510
5534081
360616
3265535
2309323
3128192
3526862
8527488
4350341
4011545
8823194
352670
5226538
2636428
5028735
3541172
9877717
6875057
6954296
4963959
7094798
3322170
3216805
4307169
1391882
1538429
2842045
9873025
1824343
6878534
1325105
3321336
6166764
6100941
1211018
129437
4490036
1500406
9455462
5768683
8858288
7495934
7848264
67296
2480932
4055005
953083
7073011
5654918
9189041
9908336
2720664
4409099
6488438
1627263
8982972
6057334
148751
4357060
1261692
4372113
4299605
448521
7358164
6161664
2363248
9600797
5247804
3418928
9373987
9314407
3808836
1538431
532273
4024297
3408441
8078695
7031780
7777697
1039252
2860624
819458
7491650
2578079
3032421
2868779
9685733
9229537
434192
2605894
6010875
1297593
8124223
6184520
3455489
995281
3463111
8237615
3453646
649825
5626839
8282906
1996266
136509
6959842
7761074
6580270
3727044
2242244
6763917
2215117
2990803
5147277
9757305
4630362
4196293
1969752
9429362
8472154
2219875
5174692
4692773
434198
1018314
1157124
8976866
7621379
3721948
2361763
3455276
4019082
3106626
8891632
3866109
9465363
5489972
8699327
3673211
5473149
4750291
28293
7846534
1026169
7109482
3499313
6164499
7591732
4533817
9081160
4157399
803787
981631
443784
9583228
408525
9916909
9983781
6357129
7719826
6162948
5150016
4203110
125410
2746289
99073
5659180
632137
6387242
4168971
8272702
5006504
4123374
3600708
122343
6619266
1564494
3733503
4307064
5424664
4248367
6974727
908002
1061866
5196272
911555
8405854
451198
6807175
9373554
6058199
4611676
8138751
8388973
183213
6175881
1698213
861545
2171268
1051642
3875601
851929
9241387
6086087
6842191
3028055
2540294
6572629
3654546
7452271
602441
2491395
9195482
9104134
1301103
983302
7161954
314996
1330259
2468181
6018779
8235548
2940024
2832127
871819
812414
5183979
7150890
9109066
6235180
7639375
2638131
70542
8708685
9831983
6086338
3572930
3804899
4067143
8259582
4061654
1120991
7563514
580416
1697934
5676301
3678651
2385697
9230264
2950626
1487782
5352603
7752021
5568843
2839868
6460497
6125971
1851775
2376424
7613188
3920287
2433865
9760847
6516690
4666044
4425577
802707
7766779
8042600
2185875
7030009
6541954
2116446
2474079
8323816
1896155
2704785
7792251
4600840
8413009
4145132
8990868
2119076
1279758
491114
6438234
4810369
1063935
1091
2593241
74136
2628548
3771271
8137713
4955180
5524410
5783816
6332465
3703878
6675937
7968807
3475214
1201701
3065118
4375653
8978159
2716612
1962651
4147742
7427026
8487787
504489
5621803
9695351
6195396
3641693
1509550
8599965
8902964
5662107
7727001
8109478
3425543
7548325
2099291
952127
2737397
7645956
1901014
6038209
2186112
2781473
3186220
8277234
1877360
4248447
7030392
3928790
5988280
355922
9128530
17936
6597989
4611234
3390317
6115906
2129071
152378
9410841
1639837
5724116
6674039
955347
9314196
5104963
7476463
4257871
1389955
1754234
9035412
7454162
7737310
9221413
558846
893117
407551
7932905
9205275
5921377
1272845
907668
2031928
254529
9594955
6887624
5905939
3196679
6190902
8245021
927334
4929255
504252
6175250
1168219
7424465
8747771
5615434
256737
7433247
5567030
7663706
7290035
5252555
6266847
5921737
8919779
8695147
6283593
51688
8675338
7332828
7494279
6373925
3131138
2523828
1446939
5199893
6957308
8064173
6204326
1512555
7681516
4745144
657525
8799158
3145211
5199565
8425530
6188234
2022746
8050647
9058794
9038308
7580183
1484560
3970759
2049291
8023222
7824338
4002834
9965670
6820121
3512772
2245375
9535952
6733204
7543027
2673708
9316278
3017048
1517639
7933843
7823715
6018050
6680614
9633521
9854852
5988465
6423271
1137670
3960411
1630152
1518361
4383382
6169288
5714677
5363976
5149421
7620757
6446182
8223090
3479997
1632741
1333323
2647242
5368830
6253896
2224192
3532988
23943
1778641
4946106
3930996
4244462
6783330
7926416
7203307
1769092
3769287
5837347
4576636
4783512
5046440
2118255
4556413
5296905
4662287
5521751
7116209
6096506
4992972
6136587
6790332
6823898
2936555
2683201
5603345
8045102
7346861
6400743
8014912
1031870
9902966
2031008
6379562
4709792
2118560
9568838
4392860
5506144
3626541
7372059
3949160
2640921
7525804
6453784
1426935
4843763
2474866
7489753
4217797
8873446
7729170
3169542
6437844
7548162
9289690
1387990
7618460
4547416
8064304
3058076
2020244
869342
2123202
6790840
1831696
2203676
3320901
3129154
2137224
3830905
46053
5934007
9572782
9710680
304263
987952
1627982
6343043
3091655
7100438
6814359
2507279
8922439
1388841
8254159
7845409
3918386
512973
1922358
9542963
6706924
3138134
837652
7672696
6047009
5629059
8925594
3481208
6942288
4925009
2637021
9876622
8443113
124887
1213630
7311590
678664
3798640
7076495
1418112
2102373
4521047
6235842
5638156
4609193
3955417
3558393
2559719
4188988
5856115
6305794
9963967
9287997
4403078
4030297
8556381
6631471
3279929
9509321
5294370
7971675
4771076
7084040
8814215
2159129
3271555
7646883
8181150
2846355
3468772
3256140
762656
8309407
1999242
5039277
4341883
5368435
6994233
708204
6104540
6776199
8043402
7902131
4794007
6488730
4725533
5877904
7126557
6660528
1954151
4167923
1681647
8995028
9273960
9538596
1647985
7117322
2789918
3418741
8291490
1352176
9611086
6163691
7753684
7263369
9298187
1422734
3827869
5645577
3409466
7289118
875524
758026
4495791
3983806
3386715
7517104
8625466
4330041
9601616
7436953
9180759
3047224
6621623
8008202
1606419
111499
4006971
1431008
2787521
1042804
8192582
3992740
2698461
4500348
3570730
7920099
1319219
6769204
3488918
1965597
2501086
5971318
6927738
5165922
9662485
3566889
3586536
2729168
8257314
8208358
9487263
3532030
2889449
601188
7127828
4955441
8769536
4164982
8390041
2898385
2897648
4167776
6085928
1924505
4111661
2291434
7036878
8168623
9634653
4464657
2786613
9762022
1669819
2510830
3453464
9141195
7553089
5662624
4830524
1833365
6812497
8632488
2410846
519479
2931300
2845373
2476142
4723410
9731046
6356161
8093587
8973291
5562956
4353900
1483493
4226313
3676166
2527673
3915964
6457170
9239009
8250710
320888
6886625
2212852
1771180
9954180
5447111
2289107
9793976
6117067
1152390
6850980
4732690
3193609
1764432
4745995
2576268
4571951
6616477
8353105
7923486
7891318
5515525
600899
5125610
495401
4996750
8197912
3395454
2402114
8754992
258676
8897531
6193294
8952560
7237309
6155265
7315919
9084991
8108343
411414
3103878
6510508
5617104
5583138
441974
3469919
6589177
536313
8827106
4071995
7927890
9656175
693507
4224119
9983546
1768229
9969490
1690545
8874216
4554797
6381787
6917614
778696
9839368
9696815
8403647
7169998
3137061
2870282
6279137
2054803
7425869
5464994
4545274
4101646
5012534
7179665
7974213
6098708
898310
1014868
4539919
8720074
7755829
810284
5667469
4216634
2281710
4010647
7245072
4934814
8142314
8586843
7134705
7322235
9132279
9321778
5011281
1727359
3651703
6152763
8392442
6515707
9409378
3159075
3454918
3788428
4841409
9627377
9382113
5397389
1114592
4037473
3212635
665525
1685402
6806044
4009907
2762071
5212362
7845952
6087000
2865368
9594487
9549782
3815752
5940204
6615029
2894229
8068360
1051381
6693771
4189278
2518777
7846317
2319357
6469368
222663
7983134
9393124
497839
3783532
6682353
5227090
439311
3901691
6946313
5936279
58905
9834043
4898930
3313011
9132427
5562109
9340814
2462776
5254939
5590153
3661676
4781600
4082114
2955876
2959557
1695225
8217916
5809420
5960108
1292162
52521
8956282
4395255
7138901
7190934
6566691
3114593
3555927
8516679
441392
4249894
159019
6658411
888599
8342303
2654099
7241657
8632664
7214685
6856049
9684783
716605
3402239
1435166
8118995
5596407
8030848
8292386
8106402
8911604
9794807
393822
5610642
4647025
8792354
4753276
8911424
2748086
1385362
8643829
2256457
9553891
5721112
2994564
1441258
1007664
1377913
5869513
9342325
7130221
7329676
6211342
6638276
2069505
6712299
9647935
5155755
3787469
2000391
8982761
2212792
2651847
4694784
6166655
4003009
4037893
1891034
1368235
9853786
2533655
3885196
7789431
7064436
5722705
7876534
796614
3790840
9191672
7527444
7516671
1119034
3581956
7409299
4628270
296168
4849807
8952815
118080
7227736
1901027
8979236
52125
5878833
3400398
7278426
8781656
2778404
1705560
7059377
7142986
3950348
7632759
4648504
4510568
5272618
437697
7151931
5145071
1293222
5413629
3955127
9956998
2851295
1524524
5024648
3262905
263635
85806
6376343
3951149
7210955
1993536
2956009
2779581
5515871
30897
5486839
346159
241109
7966438
4373564
8098584
9531928
2227478
9974066
342681
3540104
2969082
7691526
3473933
3173353
7872753
8620445
8309835
6437344
122850
2785348
2808972
2134976
9413348
5158076
28768
1685113
722601
3576609
4730793
6251071
1997038
1033902
4574181
9082791
4852158
843478
4819945
6891953
2558740
1229568
9172791
5041819
541232
5306883
7183692
7713327
8194901
9663729
2273879
1795041
1460630
9847654
7789138
1031949
5669318
6801046
8738570
1002592
502048
7693590
2463388
7628411
3144156
873991
2789637
5780644
8219482
4133298
2154560
6103822
219072
2067535
272454
777319
9523141
1431378
7442888
9224648
6088743
6661269
6051963
8409321
292794
7285607
7572291
5448268
7167944
2033812
4332211
9443309
8817697
4982408
4587180
2965302
619339
5584371
2706175
9124945
8837229
5450117
9951822
3328471
8297497
5324519
7700026
3655410
543650
2772550
2293205
7749664
8041949
6170965
2130581
5839350
7796620
6350101
336149
3520515
6274903
3177141
4356779
6520808
5389055
840613
6808052
7239517
4716399
7422265
375677
6550424
5423185
2611347
6837051
2527886
7921075
5204618
5619344
8508157
2654378
1505406
4752324
6029785
9183742
6941749
3901575
7044961
3789220
5842891
2887543
8147748
411552
2694453
5961152
8592805
6668184
2483816
3825173
5638809
5959686
2863545
5395196
730468
563087
2490736
2153808
995588
9255838
3362743
1023964
9178269
7202125
9254145
3009812
8115412
6781703
9379491
325613
8464221
5260072
991046
4933762
749482
6357345
3696463
9890059
7303178
7433089
3656741
9150945
5894778
1643649
8220383
5182579
3886900
6690688
8847868
2581270
5346522
1382572
8516638
7892443
6075988
5495797
5298994
8383958
1494950
1346074
8738870
2235731
4794359
7637351
7974968
5884037
7716711
9619118
7734785
2531504
6361326
7015708
9461376
4188704
2656449
7059062
9898113
7136993
6995379
4600139
2457196
7396459
6444335
5738364
672549
7007381
7150761
3778426
5399112
8713237
5572838
2686427
479912
1088741
6961545
5176884
2357621
8739694
9372900
2320507
7809186
1644642
1024838
1947479
1475316
9587716
7862746
2042363
3402690
8578844
9403222
1005438
4271714
126318
4934308
7039089
8807274
4837095
3148761
250545
2690722
5550857
9762519
4909938
3475033
6286620
8639578
1488947
9238521
9089488
4878241
8395186
5237986
1457004
5784470
8676627
2754225
2957632
8380729
8025308
896001
2226617
1865541
6591138
3352335
1274487
2322510
5621143
4171288
8814269
3156213
2617052
2766038
3043231
7895285
416432
6859401
8054468
8964580
8711708
568847
2339056
7245277
7093763
2754243
1482278
8862011
2129831
9514753
5952098
5714236
3093336
3320754
1494313
8346360
2677055
2947248
3539307
970670
3685751
7907628
4555917
3257107
1682938
4529436
5841561
1359302
9872877
785536
2119293
6055798
2992543
1922503
2680943
2384032
5948861
6556185
3991563
2477833
6852357
355118
7212026
8894039
2645049
442158
963323
8958551
4594625
2094769
3656404
2067428
8618095
8125929
658758
1910548
5463691
3664175
2267721
6862027
8138450
3204216
2452114
9549436
5854468
9705208
8763981
5192909
1395256
1206600
5102830
266014
105813
2255338
1461392
2094323
1867585
1717274
5238489
1476191
4755056
5322734
6752758
7582631
2076118
794169
6007611
4235325
1330749
3633690
5049246
5582067
4577465
8812457
566204
1156513
5645920
8206056
1488948
2317150
905272
6107641
5059279
6934344
720621
455964
2549269
829969
7257264
912713
1293640
7821157
8756943
5249057
5092837
5175339
4576038
5115855
1490293
6827910
1842714
6131462
7992358
1447489
6882367
4923663
3542091
9764882
7929699
9186363
3932632
7085719
2399533
4704569
