55844
9675
47546
37069
47106
99814
906
77106
52130
87552
60596
36794
56070
59949
74243
96470
81649
58661
11620
48518
24574
49638
76795
6019
80274
75500
88987
62590
51635
18422
93439
9225
54552
95715
40405
82653
93489
95538
32557
39817
81552
33795
2483
17201
3734
23299
6671
56
56572
94239
5084
56764
12835
69707
48470
89460
76694
9779
79606
3636
52059
67166
73522
54105
70421
6112
47300
83789
80073
35025
96221
60821
51362
24657
19039
23064
93591
54313
98854
66399
60298
75806
72304
99381
74805
49548
34201
23236
99536
1663
36818
44239
45097
19889
16084
15505
63564
46312
29703
37186
19974
76891
53129
41016
66952
74483
58729
8646
33806
69295
15025
35346
56808
92138
629
3884
32193
40583
58167
91722
22832
58665
51208
28628
36643
13181
76372
47745
61738
76151
4787
10878
2593
21995
71785
15159
34427
37421
74894
46076
63531
19885
60036
13582
69616
82962
28119
27923
83119
96225
80412
2120
49424
44604
61235
19952
11455
54603
79840
31921
48370
16345
73641
91431
67618
56913
72173
43513
72203
29055
62565
8586
22355
79703
32474
91021
70899
45417
33989
94012
33942
96887
71725
92635
14473
85028
63787
89914
66855
52623
15014
65189
69324
96214
327
29100
81699
81489
68459
96547
88108
1121
44087
12617
1376
13054
35467
48382
57866
41170
85853
7869
91151
39854
93251
71410
99080
11875
98717
15736
89884
66857
69337
19092
20709
75458
29360
33377
60946
38292
69005
43930
17278
14337
36812
73186
78794
90910
22717
70961
21778
35360
61923
5249
95251
14499
19718
18581
17456
86954
77717
50264
58033
15156
58961
7186
83636
77647
95796
60240
69521
72874
38621
41384
94450
69052
76839
97059
57443
77598
3108
13414
40836
5675
22132
60304
44931
33375
98110
19544
28848
63949
28798
26201
95643
13581
81521
78263
73762
72642
58651
94175
25838
92055
95717
73802
35847
71070
87833
8018
48073
62264
86363
86185
37416
35762
28165
57262
36064
22687
46200
97474
38819
9833
70840
72494
69815
52787
17136
81856
14473
74030
55861
51775
96675
44912
19201
92386
45372
71294
78447
79719
18071
46582
39743
84538
69271
80079
42430
85490
28875
74234
66724
75218
24952
40808
79478
82363
55893
92986
76250
15054
25175
24127
1854
31085
28125
38598
68884
56570
38298
84345
66783
92057
96680
41766
64632
95608
99966
87387
58101
50816
20185
79839
11358
34053
83741
19804
91458
64363
72636
41605
93747
51822
1324
19112
58102
32744
16897
98801
79021
28312
43217
53335
64726
35352
60742
38463
66218
23456
78320
7304
77192
34265
25181
57739
65158
50610
60166
36139
4891
35283
40116
93160
48980
21021
35624
32432
26754
14732
17095
7016
43578
6650
13481
63413
71005
38596
17347
70940
85956
83767
92302
80932
95011
25137
65744
19853
15899
99075
24797
23026
29108
28632
50310
16677
54049
45357
48771
77722
56441
40160
86909
37995
3541
95693
29910
94167
27090
52219
65333
1338
77007
8592
47630
62494
13507
70579
66880
64127
521
63878
1355
18744
67180
83694
21876
85257
44926
60743
58780
89594
30164
28570
22948
44097
13888
42082
43144
49056
82080
12706
5045
59285
28429
8478
32752
80385
53658
61237
68634
62478
75788
16460
85149
83178
33911
58769
78042
44029
88675
21466
91288
75852
6110
39691
55911
18381
43173
63615
34884
4604
50412
95135
6856
65736
45087
82583
81860
9872
98153
29226
20150
74265
96380
19420
23917
79667
88821
60593
59541
14767
35242
51853
94249
93323
58641
93195
2128
7852
65448
67404
62395
78738
77842
24612
39078
10015
77207
31472
25445
17085
97376
7920
57229
54367
22235
44154
48823
96917
92189
34658
60985
17333
86459
79550
69685
99514
40991
88159
75209
93526
67149
42816
9774
86058
87060
9943
72375
99761
7364
38401
68524
57678
85797
33923
19425
94049
58144
31605
2667
40189
71121
66705
7956
68276
18329
13989
38307
23859
80075
57701
85957
2539
76470
7893
532
31647
73623
51119
38909
77558
46820
70049
96176
73579
28669
63348
91430
66437
73361
39605
83805
69686
8604
32528
75477
52093
52942
31459
43125
75679
6441
5708
5228
32350
14503
20218
69063
52505
82651
61110
91344
94456
25161
64599
52985
27120
16009
2901
52175
12302
30800
16762
76812
43862
99510
18769
59125
61897
95178
71773
49394
88834
90405
35512
52781
28597
39204
85797
24284
34835
86821
51979
73216
42721
45809
30972
14601
34817
42385
35491
1519
47548
61538
23926
94588
50245
32649
31666
20034
48474
36154
94646
26288
77258
86489
41590
12955
90884
78191
11912
85475
64651
12549
10518
57168
10490
74609
58189
76012
58781
45484
22656
15038
15133
47176
44056
89210
32468
25730
61121
85923
13086
66670
51314
90122
87170
60004
85337
21715
35527
44857
12667
18723
103
64791
89828
16617
22537
91413
79603
35628
4938
47879
84878
27854
19877
372
95246
62188
98832
66564
13185
65215
1155
68068
93582
6552
76805
92987
61441
26305
78712
86516
65274
31983
80234
9897
50856
42875
95053
88257
24999
7765
67162
55203
56062
90469
97657
93177
63767
72919
43686
8396
16394
8514
24563
24245
83267
61579
34412
31786
10325
21381
31234
98140
28647
50988
61301
5167
34567
68548
38423
6340
89780
87453
29969
18241
66939
14396
60661
66109
93789
22220
90048
17393
27665
47078
27022
66373
6044
88349
76795
56785
67747
29051
45753
61055
15536
49711
75870
95911
85436
79526
4071
31697
7956
94545
65049
15398
96043
93462
78
54343
77410
41493
82746
67317
25979
73643
99662
8587
39565
7693
28528
71228
12621
48813
76222
11619
26769
12745
42685
46522
86219
93852
80166
99064
12731
42361
48447
80861
7336
74962
96373
13361
58325
31559
89006
77600
48680
67664
55465
57173
50834
62549
11043
58937
90745
41950
6016
24657
63428
35720
98451
60069
41191
38417
8167
89932
91366
58364
20132
62052
27822
97110
97569
56294
31852
25255
555
36411
93693
75926
55096
76534
84906
48819
66896
85128
29424
80105
16210
52198
74565
43192
73085
90539
80423
93911
96963
91993
61261
30904
92244
43499
14292
49593
92292
73146
91161
55185
57809
98845
29939
30868
92835
70558
30285
99398
86666
86138
63297
78037
76012
14882
95103
31880
59742
12147
60385
61334
75848
32796
13727
21508
88320
45304
98431
99451
25171
72027
1667
7376
79248
30167
46571
13869
76501
85846
52444
6736
92387
71673
88675
84481
52734
95844
71777
32993
2876
19068
32047
54754
71498
26011
79087
72076
50498
74367
4500
17953
40578
97310
88543
61669
31110
98773
24494
79086
59335
35419
62284
19492
76657
88333
23550
18837
84773
59498
39944
20460
50918
51975
11556
72582
74083
46011
93731
51752
9117
3366
45168
37541
82528
3169
51594
4317
36730
72921
61200
52529
702
89212
20631
59749
72652
2078
61860
28375
52731
64705
81710
11577
85533
71659
81208
69210
7922
20935
80208
68153
71801
4633
67814
49942
49084
97064
82269
26017
70257
89931
88243
11972
31737
88550
30838
6320
86116
75622
58932
42063
55327
53086
61296
15648
50243
79247
39498
84302
70051
6891
85360
81864
32
47176
80303
57520
6115
74050
57082
50163
11394
36534
93293
31086
95357
17668
94953
42582
67054
26813
9803
72862
92072
5199
96063
87950
98286
34063
54149
3026
82250
25271
50551
32467
96622
77774
84133
60976
99561
43159
59170
19067
57640
768
54073
61603
61646
51024
6858
18949
59949
29005
34204
21602
16438
55609
12944
5105
50955
86103
34049
92974
88081
31428
60044
62104
3956
82762
9929
44768
53551
36264
14042
32716
7470
29781
65479
14231
34784
79029
94096
74204
38147
24635
35757
34775
73004
24504
85908
69113
85755
99906
40838
91904
19012
49432
32562
31358
42542
72668
64667
71567
1770
32057
85948
80422
42605
58979
29116
30213
65305
74899
42494
39593
99639
71968
85425
77335
61870
15977
6635
66165
37101
62824
42729
18868
10455
96619
18706
71519
96277
96188
37493
87031
28762
34700
39337
41345
64079
20510
91094
11290
21757
78132
77983
596
34850
29076
51928
15536
6567
16285
9225
70506
31734
4938
88631
30776
21728
20373
79121
1822
73797
58052
59550
96238
88329
35990
6350
32308
26101
23545
30205
33036
23201
535
15977
31850
83965
61760
84302
93527
35124
53845
35559
26500
51819
17960
41033
78121
93345
46888
43191
21002
23713
1652
18348
61726
13835
68914
86853
86405
52536
18938
99798
13174
75297
99713
63166
22730
55946
95296
97871
76565
31415
60224
99411
2943
1985
29205
47248
48249
4077
98925
22961
91826
22952
20456
92798
50299
95774
97806
99718
44217
61970
91689
19534
57873
6623
45459
80119
38248
94398
2387
50414
29073
9534
8630
102
31999
27369
26262
19311
66475
1105
696
75556
16856
6361
37690
38855
99970
23436
75340
77952
11372
17050
32917
22850
17151
86693
51525
90807
49491
22691
65732
20429
43658
38282
26040
56335
86471
56480
99925
5867
50009
8456
61450
78200
98485
48552
44346
11839
5775
59551
90033
36993
15346
8699
78603
28072
99275
72940
3318
18543
83666
37189
78209
79699
60209
90946
52810
63673
15846
46016
4218
61093
79896
56089
71056
52725
11312
57021
77442
29659
57536
46175
59392
74914
79278
24125
93313
90110
51814
96484
31282
42486
2854
84983
89858
70215
1856
58147
39955
90311
10869
3575
51693
75162
6073
40146
28972
38105
29454
31710
25100
13992
50743
26950
55318
19205
70999
4089
81173
96898
52277
50827
34114
44559
16006
47634
21745
3238
18598
18269
69577
61514
58163
12059
8823
82041
74917
83287
35794
8766
49247
36168
29573
69397
35121
79157
58563
49122
82328
82933
88064
67596
34655
3427
2759
11255
99784
11446
85932
91511
16461
81885
82414
89238
14437
27571
25372
30827
16683
38605
24407
43155
45127
60468
26162
46788
35448
85473
89715
14886
55120
24490
89595
43757
5322
63212
84132
80712
94557
67745
57316
83946
90573
91018
37855
61289
72753
23253
78251
53194
95032
48507
2733
73740
28418
90829
88637
54140
17689
45860
65595
27284
89079
6118
13432
49234
40824
83900
83091
99168
34577
63724
97376
6364
5290
14754
40011
21248
87047
19792
87766
35128
76569
76729
69956
83746
64570
85378
17877
86283
64954
72598
51726
38385
99242
90291
91938
97955
48281
75598
89217
82758
99521
75759
58073
41331
92610
84863
5814
32524
20072
74681
91963
3784
85061
40977
45840
19968
23544
40284
90156
89089
98492
62746
45285
64754
19829
3946
2216
11152
99124
94704
76758
64672
71314
59574
46512
66159
70130
24799
2727
96792
73152
5970
49677
7984
22869
8960
14721
76647
38373
9131
71826
98479
35200
93575
74639
6618
29989
92773
29234
41477
9667
26683
91960
65856
89047
65536
52921
30984
79220
41605
33700
78376
31176
85966
38202
94290
45947
51263
79044
96355
16782
856
50049
39123
47393
46307
70913
1724
31486
72460
21266
61958
48959
30656
6873
58312
61606
55979
82173
82827
43673
85474
68861
26404
24632
14119
66995
56180
31587
60352
65752
17189
53688
70019
43392
36605
46681
75904
4395
64654
36402
86413
1285
77422
82728
82179
7798
87671
75380
79624
78751
31998
29420
85199
57455
47936
60741
56707
9432
8284
61662
77333
4786
83401
84198
50928
47388
32488
37083
60461
81231
18053
42392
62609
13768
59476
54076
56108
2874
36679
32704
31339
41720
73745
6642
39702
35066
33023
95356
70482
56842
7024
17383
74458
34452
94181
39070
4912
45665
37239
22316
23533
96817
70093
14943
51796
5165
39050
77962
92434
25150
22882
70318
38648
48034
94469
73416
14746
53444
28319
54706
75342
39164
54027
30333
4470
63404
44588
48857
5357
55084
15310
67255
86915
65492
55395
41196
93559
51646
68030
50781
18289
91039
1282
42788
33838
42736
69109
76839
1740
40908
23418
98003
63499
16877
62479
2639
95471
31737
37280
70065
17689
84769
37364
60799
1732
980
2638
56073
52842
49616
40725
36745
15839
95941
38567
67761
75528
2422
48568
72164
19686
36132
7876
76992
70789
45317
68652
66248
10159
55768
68560
71857
10199
28079
74042
71518
8844
40502
85103
91
9012
67169
10456
93611
10425
74660
55332
72608
70774
19161
67290
80951
48709
93230
37966
92662
75224
14487
38304
46693
16454
85578
23063
42950
31500
40620
35529
74580
15791
56214
29271
88273
59911
82771
65322
51741
68937
56833
95350
18689
61135
75469
94079
45617
34632
19282
41205
95186
54445
70683
47696
72441
93153
10856
90210
56605
9522
62421
9231
88182
47796
72912
95915
79677
31080
40049
74938
52931
18262
10636
39327
6884
37515
25232
11225
57992
75079
81848
58462
95544
98260
93523
32719
16788
29496
42874
45066
95481
65143
60707
62996
15875
57793
49829
52328
33190
9246
41698
19299
25241
91309
41323
17032
15222
55901
15930
35859
62777
87076
92120
63955
42282
68888
52346
98903
81383
31724
82676
73698
20451
97465
85143
38938
54308
24837
44402
28741
43416
39639
11553
78447
35717
23229
20564
85609
27291
53233
95163
58016
83348
6959
43568
74159
23391
29870
5212
39041
25975
73000
72252
10951
10493
53009
85257
67065
70675
579
83436
51255
27574
43549
3997
27487
47133
63986
25976
22891
42316
36058
47622
68629
43473
73104
73742
90224
72248
48301
29211
97433
33136
83397
16790
19948
78153
47163
29274
19170
76244
82001
1914
51020
46809
51590
4039
60397
14544
89505
90361
10683
90900
26635
53022
56245
47927
39586
67191
12972
45362
8956
24684
95568
57698
68309
36654
36221
12099
50230
36226
91844
60446
36880
47738
2760
2403
80801
56978
41257
22104
24898
82357
2710
38125
78001
67354
62603
54800
86507
93310
23109
18769
86502
99943
67889
59493
49251
76389
31573
16598
72701
42917
93763
16755
12620
10972
5701
48979
32510
89735
1427
1564
97154
9855
91782
99868
27867
59725
52851
98669
58681
99492
24937
33099
68184
23186
14584
1105
48868
96239
59125
73790
5505
16832
55368
29931
95451
30810
97031
22206
11937
62380
5023
86511
96440
72580
91951
99444
17052
14081
28678
89190
13428
38090
24025
90829
77167
71466
5625
60819
82147
98432
93981
76519
98471
94860
40994
95079
47172
42524
98647
14978
21600
94812
80795
57743
58501
54189
24929
90525
7782
97777
63769
15847
85333
4270
2371
54152
18935
78760
85142
46803
49472
64276
52240
86686
83470
18075
32639
87069
54208
33954
40013
10103
45262
56004
31955
44232
63163
19409
2808
12584
6256
123
15229
30293
58082
14120
52373
86096
89237
7379
87524
97735
72602
64269
74868
92535
9916
48661
34018
53239
27478
99889
21490
20673
76710
74145
97861
44349
57129
22813
72036
49549
24895
61557
39525
24867
23997
86276
40263
20552
84956
51585
62097
96771
66861
65775
23181
59505
22278
89137
74603
21930
30772
41515
63950
78207
77921
21820
38973
62530
69515
14779
48023
29073
79753
33109
63867
37603
16172
16928
19572
87146
35866
6342
60155
40021
90292
37506
42919
81712
25962
71044
78219
41498
62842
17259
79610
13702
56990
54307
16153
96520
50504
42880
92042
85427
56730
44504
1939
96141
20780
38291
84750
77946
41541
77172
9369
58627
75367
38197
16128
43801
32284
28453
88491
29207
34355
71644
35740
75172
90938
35661
97655
52118
29727
55367
13507
32671
92586
37192
86457
97967
70714
90574
27117
24952
52585
87088
84434
43880
58218
56405
4338
38574
23431
43647
49173
88785
48668
43883
29079
99471
38136
71805
72445
62580
94941
9383
85823
91293
73127
9778
52334
99450
50033
69141
57489
90785
72794
43773
7048
72638
15401
78143
53117
46515
35496
96624
36446
87986
24118
56035
22781
93716
6297
86809
59775
51801
87142
22020
41764
25630
76574
90458
21642
56838
73533
85967
45813
41242
30903
43817
55318
46366
6836
89804
19833
3919
79308
50150
46582
90055
90065
4709
14514
37050
17653
89782
49480
38176
78066
47158
58898
15930
40150
73353
56183
69628
87535
80399
31341
57767
6222
5497
71718
75645
20835
2494
44719
78528
26837
64433
35900
26234
66336
45639
26195
61027
83219
71509
63038
21713
7608
8789
21950
8016
31014
28707
18153
89859
60783
73549
35165
21324
59818
1558
68442
3792
79938
77464
89848
52039
75563
84337
37493
76517
48145
92614
5202
37586
39680
39358
42002
31495
57250
2090
49047
1766
59709
58325
70021
84373
2216
29340
13393
44534
4660
8157
65208
38935
75301
69623
9620
32866
85553
42977
12357
84430
97989
88303
60944
52860
75771
3959
39830
70010
17850
60114
92228
67278
44908
80318
68304
70632
35357
47433
92856
43575
2777
69308
68596
58281
69492
51298
72220
24221
98268
86729
19025
23405
41480
5818
53158
79606
20980
26102
90948
48071
51959
38187
409
46092
85385
76663
7235
50057
46787
71374
71467
51407
61770
81717
79886
8555
2501
28653
75372
20488
5953
53798
77274
82399
24035
85165
20161
5886
25968
74122
11194
25544
23953
1806
31858
59118
722
98538
85363
99288
53386
84648
96521
51892
29206
47175
74339
42409
1357
68433
84689
1342
573
33953
28906
49222
29159
31219
1771
968
35239
91749
12139
62350
74743
66361
64610
41862
36800
11142
10555
3894
7805
17276
89356
66805
52179
85249
2837
28087
63552
98456
37917
59138
59035
46973
82395
46541
9230
58777
19420
93899
65024
59379
6839
72055
35620
78084
85117
35131
52100
88219
47121
72177
3143
60745
11911
41958
77484
77683
53402
72206
16834
13513
51893
52266
14139
43245
14770
51527
12154
59345
68188
19013
86846
56530
75626
27847
56863
82658
65791
97246
89975
33639
90848
35108
70164
75072
44838
1378
64015
38400
11678
72655
13603
85101
90540
48140
99340
66470
15871
87013
23834
90897
92844
10198
71432
85842
95837
23853
74143
38909
24028
19184
73497
84749
635
88604
39557
96494
61200
64810
70445
17726
75295
87263
33862
99077
70629
46858
79314
28012
66881
65121
24479
41290
38451
77904
54810
11324
85431
48260
5536
42427
86205
88274
19533
12752
80862
29195
20099
19432
11371
49109
1197
3943
22059
93635
10715
45121
47418
73104
26111
91835
7632
88166
91164
15419
53048
17205
85216
25110
61345
46194
11915
74863
86902
43434
23730
50795
87778
67777
9991
75943
91340
20941
21152
25711
37488
46914
67718
40857
10899
37413
14985
53461
51646
6759
47481
9134
98447
16709
5553
3476
34743
32864
18744
62603
45464
68721
23406
87863
31891
45114
71455
86440
73946
79391
36490
29978
55708
79822
94998
2843
35901
97608
31867
14492
55389
75209
10524
61016
50
59882
17784
19454
46884
51567
45009
72901
79753
20682
52464
27894
28588
26534
977
87600
87707
95226
46832
70689
88447
27089
89130
26108
4684
79603
2575
9688
71167
22375
72343
48264
37912
70334
62188
4769
58394
96205
5488
69182
55715
19610
14835
35499
32868
83841
5270
87835
24098
45962
61573
92311
55189
54035
67996
93975
26598
88684
10978
47028
10486
31973
50857
15736
35588
68695
61003
74140
1187
75516
35733
47607
21787
15907
15156
19586
89549
37353
20273
30584
9712
48945
69798
18338
33608
68736
33208
94965
23318
61518
27556
99623
53535
97734
47960
95256
40427
54142
74930
94537
41771
27846
8635
14207
64968
63879
20215
98192
22451
6385
76435
73513
39085
67167
93489
83828
98241
87846
59845
25992
93613
54566
59999
9300
65292
16955
86358
85
51390
59664
86280
26901
48228
90894
36442
17491
69272
78455
30223
75278
76401
21569
17330
77083
79381
59661
34751
53593
6453
8831
66235
91585
24768
62545
12717
58502
98299
35888
90433
70168
38634
59486
63988
49910
94716
90516
16817
58944
52153
33907
85665
41640
16235
64701
18340
7265
41406
11639
56693
25706
24067
89504
23721
67513
90737
53624
82476
27863
74207
21763
41917
85829
98848
35450
14378
45490
7326
67720
25621
24277
33287
16400
1181
54343
65285
68093
62175
88046
59055
74592
7518
54993
88331
69634
93120
67997
28030
48357
40032
85584
32064
65666
9123
90809
10421
71767
59926
55573
5656
27400
93942
54439
96493
2487
8733
92832
71864
24627
50450
88461
89090
68095
11859
29496
26651
38477
17911
42994
4169
69490
29070
9866
86391
52207
31067
5350
96252
63095
45267
35504
25853
41839
3192
13612
21742
84048
38526
59859
59251
73984
49393
70662
79856
14070
4731
23819
88254
8774
55781
89467
89198
86716
5692
63229
41800
50424
24078
47672
55722
49552
43516
19730
53025
87909
47701
55579
98534
34687
36520
24868
68034
53840
12350
9076
4402
51665
99329
71234
62053
64124
31072
41982
96339
75107
74087
62734
55160
3962
64647
85246
63615
19548
95819
21721
91581
44148
69486
36061
59233
49769
63551
92358
11980
84681
1833
7179
33498
48992
15824
69385
61670
37586
7093
13856
78199
67347
97915
51141
98037
42165
14326
26405
47919
48373
38034
83379
2411
91864
74389
15282
7414
66576
13057
75196
54259
61011
39999
98612
21376
37606
88594
4188
45388
96089
9985
79494
5938
3546
86886
30400
31265
96562
42698
17529
71305
48528
59561
21089
71012
755
68946
93514
22774
23600
29063
48854
1319
99353
41121
42305
95610
87666
79731
33056
53631
56737
47754
32742
35190
63755
11445
81276
17275
69887
66411
61691
12714
28594
22171
69174
94829
56609
14222
17714
64950
21950
36840
52765
21772
76998
77682
94786
38843
10528
53716
45541
70824
51126
20672
16487
43549
42806
78277
90012
30337
3984
35517
27458
26554
38912
51212
32657
23755
63274
7286
73041
88855
41970
16959
90084
25009
32119
6983
56506
75409
40463
25881
684
15978
49260
60397
11598
44405
87031
43042
39627
39211
38336
59183
82269
31720
61642
30434
99895
40889
5485
30847
26415
29618
5579
39669
7627
9886
6269
99745
88343
335
83951
11886
37861
92407
86291
62051
35227
95660
74917
77549
48459
2921
28980
1121
69998
25540
84607
75356
53389
89408
96121
97902
19371
73296
93173
53168
27854
46401
6073
89290
87478
79348
53638
61469
78047
31868
79770
75988
71603
26289
82470
21794
34233
23261
27178
42310
36096
14466
74096
50376
48525
75838
45572
90451
9309
30335
93673
1560
2528
71968
62388
62486
51106
75777
73746
63584
18833
7474
45798
37403
10037
2613
57446
27780
31291
15073
95338
56511
61991
20499
31209
56798
58042
71389
66227
77343
6396
19217
33598
71887
74622
63995
46416
83786
57578
90134
60843
4362
51909
54453
9994
90658
62349
16401
77140
2795
47424
4746
80886
45619
81934
42191
13198
93940
44859
32706
94416
16482
1328
34279
19226
75611
86293
48293
36531
88098
84940
95529
92186
34845
49523
30677
29334
72074
45170
66596
48391
33519
75691
39802
94130
43109
95038
43454
21686
60764
8750
66469
96420
27166
80959
35516
90632
61636
31972
42557
87728
26130
99822
98283
48481
61851
99146
68582
21423
73898
10833
94098
20326
19426
23002
18319
14284
2971
3335
72862
20738
10626
5575
47841
38602
43248
17737
92201
44032
6327
27042
69748
16513
78055
48847
56207
19669
47956
13778
38356
54484
6031
7924
73724
76909
64435
67402
24584
90224
66176
35841
88503
62169
43752
64641
49185
79660
95435
82982
62612
74200
33704
44188
31511
70917
55115
41545
72252
61716
35328
21582
58995
30341
56199
8385
12091
21065
67883
43628
76058
73440
32274
83811
69480
62069
26099
8686
50873
15647
72265
6364
4927
24201
80578
60319
32219
66241
40868
67115
15138
88659
58776
6159
97699
58131
18524
51163
22117
36814
92922
80536
92722
56765
17139
91960
33615
73916
22267
38578
71408
87444
1995
5729
18414
65872
48487
4847
57531
10561
45478
94727
84990
58112
59884
95418
98183
30113
48025
69052
57077
21526
26866
42213
3012
79800
35609
67020
32508
4149
35429
82879
57865
72730
34002
39375
2134
34803
16137
34011
85340
6783
71355
78445
3695
42542
63017
38492
10922
85853
4625
9617
48724
28088
98184
39372
65138
5591
34630
58559
14700
64840
62721
85585
93426
93182
79862
87177
61781
13820
26759
16811
83719
10990
62984
89585
74241
78265
77888
99059
59605
87118
51211
41931
43856
77652
50326
61148
51979
96849
34088
23548
11541
93107
85842
29010
21773
35271
88184
98030
51160
60079
22384
48784
90355
97624
64603
38913
70114
45990
53655
25634
82613
74054
95875
9805
71173
93830
31511
75737
23264
13166
72201
21679
99942
87162
84036
27219
83102
95726
41297
99825
70162
74143
59662
78373
37399
12618
30848
18328
60945
14099
54803
2347
23922
16865
19596
55287
12516
22232
26933
14271
45936
98057
31228
80178
14442
25925
73540
90215
32268
42486
46060
2462
36133
85437
29780
68006
81749
95810
71763
15112
3310
34425
35443
36426
50332
11230
21063
64581
20514
42510
21583
90003
16516
87068
39131
76019
55430
83000
93097
59412
57122
62039
10576
25966
11796
44967
74735
38280
53692
90094
96637
62637
45320
92082
97840
83487
30427
62703
89493
87102
56559
1040
83431
57194
55079
78802
14678
66816
57039
73000
20928
33348
64761
88759
41930
84692
90079
86640
66198
32700
13237
3199
55743
12989
78860
98759
65023
11004
28353
99253
96510
81
31187
87839
52699
86852
49134
47210
60466
69546
23599
13097
52283
60457
23746
7323
33904
52122
77026
74776
78414
49287
54259
28657
41104
86539
40889
40176
59534
47045
94240
30819
35531
93085
53876
54933
70944
15525
80154
25066
76593
12660
75336
96986
98441
36683
62620
6980
12217
78030
84022
70331
65043
67910
80251
48428
28414
1089
44116
23551
48687
29475
52713
18025
1096
543
33236
63539
14377
57181
60957
79135
68577
58940
54784
85538
64420
50778
23630
64655
67539
20543
61113
15293
3996
55539
68272
29756
63936
54561
30170
73758
12765
30268
37678
95312
25974
13908
95243
70964
33145
68167
56044
61008
28023
67226
56093
60177
87338
47164
22837
20808
49058
20868
16917
99761
82966
90482
72221
59500
84589
96650
18775
44748
47991
70109
79153
33610
97440
35883
95052
63927
6455
35256
61245
2907
51350
74654
1899
92976
40726
69553
87465
36122
38219
89082
93657
72503
35946
27384
65808
51026
34454
75389
30790
37229
77145
52041
50361
71820
10080
94526
33987
55407
39358
39994
64889
91139
28794
13070
2082
31476
96025
52808
23794
6976
56764
77988
23734
29983
49301
2348
68163
46697
80834
57613
54620
22480
97218
27085
42059
66670
88734
9255
87898
15823
25361
26055
88934
33918
82810
31541
18721
46418
69392
55043
37261
48682
34533
81960
28078
38367
72353
41130
8660
33740
78260
95989
36472
84583
9766
19626
56160
10184
62038
67785
5617
49576
39127
46112
18296
70373
23255
6587
85602
24432
33753
8983
73473
67156
68703
74079
77111
2155
34841
55257
91648
35996
62341
58628
1919
18151
62789
4396
45209
47600
41733
57791
56976
56043
22708
98234
88268
90683
18840
68138
97800
46604
43953
13394
67775
61787
23905
29485
53934
50983
52091
31024
91595
64566
73862
35211
81198
17372
59873
38263
5545
67422
41703
76609
51096
84309
34414
73199
94615
82693
60092
82274
12677
31757
49138
79819
67514
77008
82627
17839
96163
50798
30507
46525
67218
78417
98215
48126
57671
15548
91830
73125
52006
99306
85871
97424
86903
16294
63029
36292
90192
80274
21632
77714
53345
68466
53003
83037
9605
43690
49569
61911
34023
71946
46400
56789
64506
3460
91484
57725
33328
80150
81391
82748
75748
41262
35096
6535
18022
69746
15028
57085
3650
428
41307
27223
12181
37961
38452
92271
61658
55115
69449
44759
14335
88854
37172
70127
99822
93294
90254
43336
59184
56906
44586
89770
97653
4156
29203
49062
71175
67236
25802
3711
97267
88548
62170
90144
37456
48195
66404
13635
22378
14978
59275
12822
15287
66723
9901
64730
45147
37405
85175
50087
71118
66469
91852
54892
50332
21111
36203
22847
59944
67441
55596
21680
86180
50932
2580
71454
2941
58619
8884
37886
29413
81048
91102
75980
34117
90566
53721
61120
63088
24491
5178
94654
75540
80962
40515
80018
16720
72364
15377
49270
52493
47419
81316
14936
95556
69092
62334
90665
94737
80738
96620
87441
87042
26921
10493
4522
87172
19044
88013
69115
19789
62585
44225
84602
24350
1937
29417
61148
10273
71399
51071
68951
6428
88163
79428
49324
46829
37358
99978
36133
50832
39822
20873
6959
68281
62543
93016
45733
33362
68331
73769
47344
45815
66131
95788
73161
79767
44169
73001
40911
89016
30971
52779
50575
38953
1688
54714
66855
37586
5966
53531
65788
93073
34978
19708
32273
11518
80516
87790
34961
65766
91293
6328
36664
56832
55784
38091
53991
29006
57280
35213
83130
87447
86229
77859
95630
86540
65796
19089
48651
47900
79251
29329
61240
28172
10182
27000
28837
18959
13529
78563
36363
41602
47570
24986
32483
40815
52984
77086
1085
36637
81338
20929
96930
29566
25382
70678
88168
2911
2384
17705
47316
29851
78305
791
11936
9578
15219
70351
27646
44400
57316
20157
94404
16091
42130
90973
37896
72055
60108
31227
82955
18850
66951
1250
46195
49108
4459
604
29314
19812
31960
35184
85344
95716
80078
88705
67783
10547
7751
11024
99202
62359
11468
43742
54783
40777
39731
61536
14176
23759
45208
26730
35105
41198
68013
79621
98914
66679
32741
65657
59457
59112
88223
31089
42213
29309
29302
29998
49578
17443
24935
14005
65684
12385
41348
55547
58013
90660
1543
79043
49202
92439
40300
29174
15778
10986
27546
83087
64878
31932
36321
42782
96553
9086
29344
98345
49414
20756
83821
95208
31593
68056
91500
86877
70837
93370
79586
5545
38595
2923
89955
27017
86573
31067
82158
27611
81490
23319
44356
28521
19163
72168
15183
74078
13595
45483
94992
17419
54369
74170
58530
72531
45232
89103
20730
82880
94514
62068
38956
2982
75931
46481
32835
19656
88554
16716
76496
23470
41063
52866
37618
68367
67719
29291
8588
77097
37792
53345
88094
14707
3932
92152
56796
45482
66848
80907
59491
89860
29539
26987
57341
69109
87872
24965
87241
22967
95027
24222
39647
82625
90546
87340
97414
79635
96441
3104
82956
99800
97064
40605
91503
72466
79618
24828
58536
41025
93070
27923
93115
25832
48432
48309
1992
89586
21957
80351
23454
71030
95081
57649
16500
72038
40092
92289
50430
73855
19120
42899
81858
21660
25271
57173
67775
45492
70315
93242
24953
90340
6793
84931
82737
26103
86806
45904
94920
60387
14263
33153
50129
71705
95601
41940
45798
87905
90934
34641
18205
19715
93901
41616
87794
43776
12353
88981
86968
12567
36092
68054
29669
10836
5927
27337
36439
72378
36628
18998
61857
3245
82287
47014
11551
96396
23148
31497
7307
21367
10621
92187
82379
24574
30298
67409
74749
80280
96242
53007
93664
34298
92601
65703
26315
53004
43809
88645
89580
876
4608
85561
15286
19646
26370
13457
79851
93015
64244
60625
5239
74219
7044
70295
27778
16280
64539
30610
23334
28380
28949
55690
64297
73870
46819
1556
14106
18790
95914
7772
79202
50067
39879
38314
38274
28101
62217
63026
88687
50966
64785
31299
53275
48787
88476
79907
57905
67501
40186
99237
96399
34884
25283
29378
68454
29770
22271
20666
36312
30119
16023
93381
62664
28859
7113
52175
46400
45095
38783
40046
31257
81924
37993
60395
94110
81785
20491
55499
85210
67214
13022
65675
15212
63198
80791
24897
67201
7920
47949
27284
58592
10927
33393
96740
40326
45993
53887
42230
28810
60402
92514
38368
40678
93435
73692
97003
98502
75674
12742
71668
19783
64948
49041
2177
18353
51587
4230
9186
61703
21374
57933
22261
78138
67309
8510
11364
29492
93628
58767
61122
98489
14776
84877
12948
19258
26527
83888
82212
58183
19754
83981
58260
16755
10891
61607
7091
30590
43019
91738
45115
33896
23114
92291
71154
9987
19672
8000
55072
27486
6390
91814
10477
86071
95346
84081
44743
41890
77646
78144
17480
7440
88787
2431
77905
50087
25845
27387
63437
19467
26163
23607
21498
78061
21627
15170
59034
15456
72877
90654
15226
30029
81581
96759
8823
41374
16059
9841
10187
59023
68784
53038
61837
48999
51335
15979
41224
50815
99508
44088
97293
12328
25320
25987
81197
15914
25509
17176
75053
46877
80910
26390
87303
2553
70853
73650
86619
89699
62781
94404
31146
59649
7895
42846
52768
30342
45748
21262
97599
43115
63371
65990
74463
98734
81835
94715
14448
61206
82081
21657
23125
58971
81204
70430
17596
65103
47845
28406
38255
9078
27239
98635
2975
58934
62410
34026
15655
20504
97418
3345
45425
91381
59401
86856
74239
61050
32838
30527
21483
8528
12315
25746
17689
99846
95098
83466
66768
91146
41926
7927
61616
91307
35697
49825
11120
46213
41559
20559
43024
70291
95050
98124
16118
86672
71880
17984
21579
29653
73577
18471
61765
46377
90468
9734
56644
42993
17493
18639
65739
461
87869
53219
59329
57308
80941
40486
78586
15170
35891
54016
54005
62801
89863
70147
37518
48073
24826
55799
3977
52545
63391
41706
3949
81595
53970
97319
57274
89094
47867
34878
91738
81837
66394
47829
18456
36041
53497
9840
65877
57625
80074
7017
89975
80244
86857
39615
77698
94897
66465
74828
57180
40589
87072
45967
85791
66611
43669
63852
85222
91090
9106
26130
9927
73916
74777
17349
21733
33321
1653
12467
19707
35993
90852
95780
60668
53849
68908
87141
44665
52265
61434
50420
7344
63693
77822
47987
207
47670
16964
87669
78393
49520
53452
71968
34523
69948
79007
70085
37500
27033
6969
82299
22694
91351
4875
4752
38323
45086
33056
80193
15844
67500
8557
5501
50092
11370
3541
24036
2059
34275
40055
47105
63289
62204
91662
67828
86684
77175
66769
29762
64085
65321
93593
32837
8250
15968
66691
67322
5230
51635
33973
23189
16812
44167
18023
3099
34231
50476
7182
37088
32692
37745
25549
25147
99124
19948
17849
53134
33957
78847
9402
31790
24023
65826
10617
93115
50554
37658
35187
19233
51462
88843
36795
99569
56002
40055
267
43376
8118
50243
58211
76524
58968
20833
57742
10389
89245
34791
70570
61726
88551
15059
11274
47695
86541
81740
90587
78321
56769
13114
99109
56743
70451
67715
10527
63445
84229
5742
45754
62025
19270
78501
36176
73975
50224
48673
60382
29002
14762
77085
34944
32414
7363
48905
76440
29215
76280
28439
40279
44266
82000
68905
40630
48336
52622
95430
44800
65434
98977
97969
291
67519
25498
40261
50605
74679
65715
31298
45861
8745
93812
29631
48781
56157
87090
89077
46636
64814
71274
83414
23523
77189
51860
65299
83010
48049
73791
79045
65203
53043
18585
32893
39588
46083
28771
27166
7725
1040
16252
4597
71521
26683
10446
35154
430
40376
79120
93566
60032
18724
47803
39268
39032
65465
8973
62629
9431
66296
20929
46121
37843
1500
65623
50473
40977
34074
34215
21762
14014
26980
32951
33701
42246
54634
4586
89130
91856
24316
21008
51038
36302
78722
11675
99903
4351
18812
34027
39256
31250
80615
59933
75944
13544
68592
43019
44330
18230
34251
78334
17829
95602
70485
77754
17118
28524
24130
14988
54778
2090
87762
42584
66687
57219
17207
75142
67017
22909
35929
9696
54862
20159
83643
39765
79067
81887
7853
26517
89552
48312
90390
47514
21854
56362
77242
94013
43133
62028
33444
33067
86231
52537
65665
63889
20200
67178
17176
80107
64524
31014
17302
58238
3369
7065
99048
46548
93335
70097
32259
22338
74583
78219
83063
59394
75074
95888
86125
88317
61914
85121
12684
95021
26595
51541
67516
38336
7953
56727
36621
90240
46934
62566
82078
87991
90527
69121
98588
10156
60038
74314
35385
82340
19190
85084
44759
23307
85370
19782
90011
38808
96325
15535
50607
86280
3163
40254
47933
4493
219
52089
87106
9837
41036
91192
46982
73732
49133
98594
28327
53840
86033
53700
89715
23966
32550
50377
25622
99014
77111
24980
54513
65088
45152
76367
85344
39258
1385
26046
63874
83183
8597
83327
9874
23436
29317
71439
59119
85329
56690
86104
21691
3044
31061
20015
61910
35744
90213
32779
20119
15019
79016
87190
40934
47712
17032
77912
8133
57713
32993
64929
11191
112
85460
17792
38878
52161
46735
46928
64436
33796
25880
77429
1007
53599
29011
68345
61485
35039
25370
67009
31931
18
21379
40606
37181
39543
81042
95702
52934
77498
85971
84132
12240
24831
86012
94837
27739
50768
77860
35959
28260
56593
53671
41817
94003
44981
99912
64408
4223
28192
74892
83061
60530
47415
45792
90757
68988
64802
51944
12382
55656
30317
25794
66068
39098
75276
73821
38973
68448
86745
56072
14603
51231
53341
92703
11218
28243
85362
54781
97856
37791
50555
18901
73607
90545
8829
66461
8965
39564
97733
84981
5195
57398
55543
36562
42643
34451
51679
65405
7328
30611
9466
43234
10516
76071
66954
76487
73302
8584
66667
86424
76031
43849
75097
54820
44707
32192
59484
89555
70269
12292
67384
95606
34998
26656
66579
9906
17290
105
7483
41192
27700
76878
53066
38495
29929
52085
17628
42791
88204
37284
61306
9116
70527
34843
23574
46040
40717
85334
2346
95956
85787
61564
89943
55616
28837
43203
91119
28157
8873
31089
91257
12306
11266
10471
56153
87777
19697
64199
45863
17217
57909
70678
73944
86530
15566
1654
37028
17258
8058
76235
77103
48189
92488
31464
42294
3829
1388
88865
50843
68208
31972
28510
53969
87170
98481
63949
5830
87275
24731
47781
75196
46278
60534
42929
78608
46688
39567
12506
10624
20664
47419
98624
43777
40170
37519
68654
15758
45089
15801
50066
49135
53499
72805
25851
4542
35763
46484
30067
81678
99838
59928
95084
97721
22384
48268
44778
46838
84120
69113
63738
65021
61150
87151
47603
25579
50012
40286
96606
36998
66182
11312
45453
20688
56141
97794
37639
74871
74431
38156
32164
76404
52854
17487
95380
58259
30843
79682
39379
47938
18568
42633
70279
59741
26350
65038
11423
95655
19039
82600
12855
71162
69929
66108
95264
51142
38399
9460
97016
32004
11828
28630
32865
10740
16898
96000
83794
8699
57581
41742
18389
16372
91870
73514
37791
95783
6685
72401
18476
77520
22263
4554
18132
9103
49991
68043
57404
97662
56595
42378
17717
31483
61084
20781
23947
12059
25240
41057
99693
42437
54846
2983
39295
66059
68195
71344
22114
84239
48959
54011
13220
2934
88618
79221
67510
66138
13306
81656
31710
60681
29476
31153
44895
17147
23107
98536
98518
81293
12627
44554
11768
96248
52435
46143
58938
14531
27024
36454
61306
98576
24413
80770
69854
81913
29427
79118
75959
24331
20890
47604
58816
4091
75593
67401
92596
93604
16636
21582
4977
12282
82981
86823
92128
70372
85464
73151
22380
26360
56720
86158
96525
34667
65225
28525
61430
83755
857
38744
43344
90619
97066
82218
97887
9096
15479
87893
48325
40777
51390
44547
73310
30130
7521
49115
91153
64227
37437
39015
19703
59271
69865
45402
24058
9713
72956
38633
84744
48508
10007
19286
4589
29321
21871
61829
20080
47920
2835
92596
52219
63076
88187
37348
25796
95944
41033
65875
72214
32998
5244
75693
55111
96698
72883
70851
85145
15092
16725
35944
43339
56894
9017
72685
53319
51932
39417
15077
6486
27814
69734
83268
97565
9583
27805
79139
26898
11385
60114
13898
22053
38188
2048
49026
59902
97716
84491
28745
96132
72552
85697
95355
95428
70653
93322
92811
82356
60058
25774
56587
35260
52553
86672
81475
7277
58880
50303
41417
86697
78147
66307
58416
61101
5782
2777
73113
22101
9197
61820
24013
31676
56212
26383
59583
45887
10848
65081
13840
64553
84151
96057
93209
82989
23076
1135
1636
85511
10495
38749
885
23689
39278
69213
93138
31963
15101
74343
63842
59727
32280
96180
56126
29656
99770
14291
81826
49543
38073
73061
13151
32822
19452
97804
94780
68495
16363
30689
89644
56905
62058
6411
94250
8402
56653
65900
57996
14600
37293
13252
35932
35186
96266
31280
81108
25238
4966
34103
23883
15140
89950
23411
90414
16463
75629
60413
86021
19033
63471
33203
47808
11251
98666
97611
70494
87679
64075
15198
88593
22138
13114
10814
77773
61318
45902
17458
11773
44497
51386
63017
32180
60323
99916
69425
26899
11604
41244
84430
62050
81165
93623
2941
78071
16947
82169
59505
50318
79787
36078
73168
60265
44900
82961
79098
54498
28765
26324
21667
27194
81597
33740
75157
76115
65264
26971
473
52966
97301
9679
4748
34335
90607
77067
57290
35223
8495
42448
52314
63150
1759
61772
93419
22288
72522
59623
42265
1619
24327
21544
45872
94602
42116
94214
74021
80235
77382
78737
58564
26089
16122
8557
64672
30649
52766
50127
41059
41805
95872
60228
25582
78178
66430
53603
32575
57064
37712
5046
8999
19391
63272
59416
80910
45359
84900
98311
71416
98014
7011
21153
63218
88705
73953
28506
59947
66196
30212
89475
60987
47630
62802
19812
2279
70335
50115
33849
38766
3316
33371
78585
51761
74160
86941
72316
64200
10508
99623
26059
63489
85803
60211
45489
20
91179
95351
27706
86374
25675
88655
27319
857
14739
66138
46385
96585
82425
28170
18596
31052
18204
37809
85080
48743
1494
27344
63686
42843
70927
2694
73657
50846
19194
11435
38634
66464
65490
99369
72696
98187
25449
4579
60952
82679
76347
52894
86827
96672
77482
46007
55863
93151
74215
94768
60154
84130
28531
45402
64971
44464
28614
65977
42144
85138
89547
434
47752
91811
26386
39982
64509
32298
32512
7746
58099
12745
22086
18807
33419
55945
18907
66774
23161
84427
85433
50531
44366
32926
80443
62418
78667
85006
71631
5166
49277
31629
23491
48
69550
2785
73955
73397
75164
73763
37110
60024
49513
44755
71127
87042
15764
7875
46386
34256
91459
45610
1981
8042
55815
18863
63517
35099
10485
7956
98509
42545
16574
18036
28581
44515
49436
7338
63840
6003
48825
26770
19884
11776
55110
97695
85469
92208
14773
18494
8990
28723
18676
83282
90976
88410
91046
24433
94021
40434
14985
26600
14648
61519
77264
4799
33662
97986
80259
46828
26476
89979
66172
67475
94263
88261
84396
7040
39181
7894
74875
49263
71191
56252
36153
55336
25866
23016
14772
45357
87893
48807
96948
99581
66043
88308
62336
73075
92711
95597
79280
15113
95664
69896
9767
51616
36560
1886
32966
2325
48073
18043
83619
17348
53452
1312
96067
64774
9543
32497
20471
97284
11059
2536
33828
75208
60396
17868
93481
71532
72307
64653
45561
41935
4976
82738
65770
92387
55503
41025
80004
85249
33702
69577
48146
41193
34630
97460
40224
6726
18899
86943
99443
69942
20887
36952
27075
5102
89050
29051
74860
12701
59661
50332
90557
96084
79961
80526
83558
29877
9721
57404
17812
41132
45370
81809
44256
51640
61111
21274
43870
22617
89315
34936
7524
95828
12636
46380
92018
9546
35310
78457
29839
33215
38911
34499
57181
96128
94496
91254
36308
27883
3751
98275
79296
72598
81416
2243
45472
1359
89003
35203
19030
88305
44201
64022
62422
46236
27115
88782
88993
87908
66159
34286
41208
29371
61278
53674
38770
17402
42325
73713
2102
59696
86130
82858
80930
35450
45976
89087
84599
2994
25919
21816
38481
2772
39491
25949
18786
98497
9774
31385
36885
63514
62891
99326
36455
94833
11641
67627
70644
83851
63723
51985
42890
50571
42610
58933
41022
94030
94358
53215
7935
19736
44161
54802
36397
39276
80785
5511
5603
99925
409
9651
69003
97185
7339
81124
38058
86184
4580
41241
3101
24700
53142
54101
66517
48224
18178
81146
88550
33703
89189
81664
95915
3732
20024
60014
38346
81461
72204
87490
43728
79976
58356
50603
15531
22535
45194
55334
6601
41237
24322
68022
98373
24813
99898
47696
56750
96277
38249
94962
85097
59490
88825
27558
31311
16443
50947
78642
1587
12926
63381
22168
75905
39378
21492
96621
7570
73981
54436
23664
88149
7868
59597
98899
40352
90870
50414
77434
10327
9382
78935
88155
28671
80707
43582
16496
79298
1796
16722
87126
58169
39866
20047
54811
35004
66919
461
58753
18526
83911
87533
95901
91577
76713
67886
57805
80835
31872
66260
89293
96743
78390
43240
62116
77389
3724
12346
60241
69517
80193
83781
7124
96439
70829
64100
73008
50867
43253
83774
891
94959
76256
8256
1539
52067
87209
33329
30256
44993
77245
48317
16774
78989
70648
51431
5380
648
25143
82213
93350
69585
35566
35794
11717
70534
59406
21052
1185
81831
69563
52348
98626
68677
78677
82896
93941
26404
1110
97408
64775
47102
8541
98953
82253
27960
13379
70774
35789
92683
149
93256
79897
41724
90766
71023
8005
70578
76925
96753
30428
73691
17292
7009
40251
12249
49600
97535
25962
49840
92685
28998
71557
76606
99950
91339
82984
12731
7266
67886
61465
50575
85347
67276
12118
26340
47238
20412
82466
57844
27429
9522
42080
99379
24082
77499
10321
34112
12338
6988
74
16149
66878
31381
64522
83355
92901
94801
16890
28894
8608
72033
69690
69850
37169
79367
65422
2617
90420
19282
54303
73723
8685
76470
26218
99849
34892
67650
96465
7006
37886
20287
21166
88942
87501
29548
6096
50545
39647
43512
28998
99265
57130
30964
10203
2260
29975
62255
21907
6984
83384
80653
42808
28020
67200
31049
30885
87502
63145
76639
183
97391
663
7243
17216
29060
33721
52955
29303
57645
91201
10628
38706
93004
48151
12152
42451
3936
59416
24593
38265
13475
57052
1253
45386
56537
43740
16603
43677
34672
98104
94677
77357
89738
41577
14653
10163
60432
84638
49228
44008
44939
11334
90901
42342
48209
24178
74995
79075
21713
39977
89519
11175
27065
70409
16679
65495
89555
64546
54307
73229
1590
17896
92300
52332
33248
40654
5082
32953
35614
54965
8021
5323
30601
47853
23212
15525
40316
92189
82698
93931
83587
58523
93
82755
79123
2103
94695
22389
72431
53312
260
94918
68035
44775
56248
11974
80181
18654
84082
23657
74526
12796
77787
62019
24837
91038
38901
22716
4806
55890
18010
70032
54674
20891
29966
85977
76924
21127
91263
33612
20130
93905
98907
13255
54913
15538
293
57876
9464
11529
65096
4262
37698
6358
387
64673
96241
64135
31761
22331
61912
38776
85245
33268
28424
5206
20583
20447
22386
86276
33883
37783
60904
69117
58462
62518
61362
92765
1863
5878
76920
88620
96406
4731
42514
95551
17369
88726
71167
69926
36528
57292
27951
79036
48063
59090
1941
50878
79636
56582
55120
76802
19064
25477
92230
23854
54610
3724
57562
61346
47569
98035
3315
2457
88080
43269
42424
10989
71849
21692
23292
44804
57165
18230
75846
87358
61549
73497
12879
47037
21088
24931
53827
22960
13047
62544
38331
3241
59026
14948
57019
35519
6806
42142
29680
8487
70593
78683
1285
78420
17617
55777
45046
93517
31280
50973
10397
12241
39226
14221
79213
84960
72795
87212
141
43316
66517
4832
72430
64499
42380
1262
89565
31230
23038
59359
37138
17824
33993
84298
17833
26474
46747
51175
12255
84054
33191
93657
11391
71795
34751
72675
31439
47319
69178
13397
50649
52280
90142
59184
55678
48495
19312
61642
18024
34929
99614
99931
46020
68380
72995
27627
81570
87128
30324
38472
37627
90087
85817
60638
31447
60190
64943
38445
48192
32310
41453
15369
31598
67987
72071
14839
57238
78573
43793
51893
64424
97789
45609
67282
98123
59781
37400
75043
45493
73782
59992
37553
23773
46937
58582
34431
76827
13846
13789
99673
43593
41708
90891
2138
8775
92654
8135
65267
8209
15017
59401
79877
42074
58945
1243
35573
13513
78784
6812
31374
16904
67638
4051
525
31243
10530
87758
1079
26751
75211
75365
20422
40306
22428
82694
83608
44428
65221
20475
88613
47871
94901
69610
59945
29937
81639
52420
79139
11419
42822
1584
30348
95467
3455
65448
99956
29748
34321
22803
76345
42463
61935
88460
85433
80271
36615
42135
16431
21642
14135
77714
6709
90084
79191
96465
56235
32365
95339
58336
55180
40355
34260
53551
13285
31201
77796
79786
22350
89304
66267
10303
83069
54493
66321
95977
66313
96902
14622
85942
83093
16305
81813
30476
85169
29602
3440
34622
61721
2804
60288
30497
11181
95416
41658
83907
7604
64530
1114
71265
40856
52507
89130
85490
27825
69121
85206
50993
62047
75008
91288
48282
4751
69257
62168
33568
80874
18901
71637
84978
56240
87973
50157
99084
41514
39648
97275
88844
16311
1318
80773
89399
94818
91687
27463
93501
84253
5328
64156
1767
9477
64806
48000
57868
36299
66608
97534
63017
2365
71277
63848
67066
26138
25834
41479
17893
67479
99645
52564
58802
45976
31813
30775
43272
85100
35707
63920
46035
27029
82534
5334
52149
53413
33616
14123
4933
960
52470
30900
25728
72854
16625
3660
23742
78494
89101
78863
91030
22198
72129
22561
92525
27258
76793
81346
28852
19457
93689
62745
29215
61064
667
28928
40724
69529
29617
12304
85622
49055
26552
24603
6267
61906
59198
97887
8803
75275
555
21489
52567
54946
44604
92406
3896
55682
97860
93343
63811
86681
7707
43959
5419
12232
371
59722
86853
61262
78424
10971
6929
59571
43249
6610
745
83856
17120
24071
79303
33929
29645
64736
77457
83651
64352
36060
58873
53155
37584
98411
9379
62891
91917
7260
9631
22113
70717
73417
15352
43060
21217
22014
21118
21808
66379
63466
33430
34956
94511
41395
40109
90425
31399
46800
32744
39236
24091
51335
16162
21898
24252
69113
78181
43460
91172
79049
92540
22855
99642
10381
3861
80223
20237
7532
50640
41415
68530
53757
26912
22966
49952
81857
16358
68627
34942
89446
35151
54301
63439
92508
46637
70645
60848
72518
22428
79894
21262
79371
27852
77737
82974
4944
48272
42225
72104
84685
94312
14852
77179
54533
67378
82713
71002
55279
5440
99781
13828
65917
21532
27959
85259
90356
86785
66965
39957
43645
31724
47706
873
26730
85287
24439
93665
24635
59598
20943
2078
20477
93920
6473
81420
23146
68161
7077
57685
39687
94315
99062
79799
17438
94827
49475
11166
59774
30151
8682
76648
97917
18850
69593
69990
64021
87615
20370
24837
37662
373
97961
89823
51957
28
52419
5484
56413
4520
99819
71258
30742
98216
66441
45395
76765
75870
42084
16541
48821
75929
66475
57058
99479
68771
84658
80824
18848
17091
38265
16059
23465
50605
72668
22555
87913
73566
72652
12441
32598
50128
77840
88664
26591
14473
19270
56154
8099
87946
26508
35774
3425
5281
84069
7910
60034
11361
58708
49576
33726
55076
57884
19442
90584
36129
80304
43814
37370
62847
26505
52061
91327
57225
36329
18245
10498
85005
58594
45654
78149
29798
64929
19394
15292
705
58951
36438
71541
42694
58929
84149
92663
97197
3310
45860
58783
40006
63686
40580
36191
97773
17101
36353
19966
3532
13020
38229
44445
29082
58818
10874
56577
14070
35640
97572
73174
35858
3441
38969
58789
2847
33450
13660
65325
98660
31504
41071
98554
71281
14469
24230
91879
50880
97766
67816
81395
95849
51025
91010
46699
90532
67023
35033
55562
88301
50900
33906
85071
5444
86572
24935
65660
64923
72445
84011
12607
30916
29515
49194
60868
24587
45267
85450
85595
71873
96889
16595
92396
72413
96109
66718
45793
27626
90704
87551
31108
43489
34306
75706
33188
4650
55297
10209
18400
90441
5688
16485
74530
25246
25432
57930
51209
65520
42683
18671
50861
66572
36718
63467
77419
71594
44632
22996
37413
3724
66161
75482
22161
68691
93952
84132
53050
42255
3916
78862
39104
6548
73378
94507
40179
3358
45527
84095
80905
36766
69102
57183
87783
27088
71615
24610
11663
66429
55594
61811
33522
23857
15906
57699
65935
94143
95496
99250
70167
11151
78265
95186
5667
49652
87046
32510
12644
30337
43350
82553
86157
90046
26523
73579
28654
58485
28404
23018
90981
70384
39091
52784
71221
45584
20304
66615
13750
71592
2326
77995
58414
60703
32837
26947
33024
536
59564
80225
72761
34594
21199
3228
10787
35018
36653
15065
19999
41749
15272
52782
409
14584
53831
54442
5047
94795
37984
57593
87139
75469
30420
29967
52547
75396
77000
56636
51147
66715
12039
89748
58785
79193
52291
64320
58015
10669
76107
7988
19256
47142
51195
95619
50902
69650
18657
30774
81657
21217
12477
94140
42417
18101
17716
96637
76023
69782
65198
87371
67196
33206
65578
29611
91302
86109
57992
26496
91178
41035
90703
24709
78051
64626
72886
76504
30983
6123
1283
97608
29936
40370
7074
67037
95170
69401
58304
3659
22403
2643
1835
61744
79962
38066
89086
57405
72767
88364
8564
18915
58281
86050
69701
67880
37895
37371
41436
10620
28094
47763
27322
11716
37710
76733
30393
45221
588
48720
42763
88774
80462
89289
69918
47274
31851
28588
42393
35430
87535
74722
39555
58312
68923
864
87441
29836
45954
19411
78682
75479
41561
37825
41594
51916
78892
47123
9034
33166
2580
26865
40983
90377
45856
27019
6755
53655
46457
2449
65943
47112
57333
21236
95389
24340
4022
36788
21971
84862
1854
57425
50826
39368
65921
76439
91541
80958
53123
40061
82446
32807
26272
14211
46073
26718
87823
79437
97515
87075
10476
42959
84977
17553
22479
50495
93784
91404
48724
47466
47113
86497
63144
50745
13922
81004
37253
11817
98555
72310
74008
14244
68049
80960
68851
55456
30287
71049
87864
98649
4893
38890
34444
97315
15208
58588
4344
21604
50652
8081
12116
72672
65265
35255
17775
96222
19018
13345
55728
55704
89995
12319
54586
85978
6099
57006
84427
98411
60465
53225
14174
770
10654
33020
90490
42785
38628
53533
14352
95517
36546
58994
56295
96078
8147
58919
73173
42805
69535
20407
57076
87360
33307
42456
22405
46272
32929
30008
50872
31868
11136
48366
55921
5661
39742
37804
66101
40166
71368
77311
81230
49275
11845
72832
60208
51560
31105
2940
82292
52588
45587
48431
55541
15104
76328
74114
3455
52480
50002
11976
95878
93148
73852
80743
97821
61940
95741
3801
81083
98641
77939
93503
51149
263
34195
25937
15086
39927
1647
30772
80438
54994
71758
98445
72443
22487
11980
96353
87140
39064
51715
12082
75539
85515
34315
78641
62800
55288
59580
41581
58123
28335
4177
27973
87333
39440
11593
83168
21417
43396
67695
3007
20413
30091
20734
2583
17523
63905
71492
18085
9786
26393
33598
24455
28002
7294
91436
97155
56448
53078
5394
78912
86576
78912
42107
49778
5485
93939
92602
45094
70815
83948
93882
9521
31559
99902
42177
13505
92234
56675
37860
56057
83096
78875
12748
83759
51611
2062
24874
16037
7167
36413
67062
18992
42469
52957
5783
51836
17844
23627
87415
13057
96220
9038
32150
7237
19378
17645
83365
57897
50136
63894
40239
17404
97468
29304
57696
18353
18920
18068
83832
21687
4937
57996
14344
53815
54516
74665
49659
90278
55563
9319
17481
15236
59126
49887
89102
74704
12894
92251
25809
30498
77405
52639
46014
86505
28436
76474
21151
13884
7175
41985
25061
88590
76706
35271
88888
73677
2199
85538
8350
71998
51081
82214
90979
91613
53724
77052
13257
70360
13741
95216
6450
86362
92846
19083
8583
20767
23864
76981
890
41749
943
82343
86925
44691
66533
32653
21400
29386
17151
56212
62669
20852
50007
43432
15088
14692
17104
16344
55417
80150
70614
14883
94779
4046
47859
76744
49936
6642
44539
79390
97522
18494
86678
53999
91220
68068
24615
85745
53178
75070
8914
75094
40427
55012
67895
98113
34719
91580
27471
902
35986
68348
31311
54479
92860
14205
21565
1305
34362
91375
5547
4617
23960
68024
31202
90612
99166
61550
30718
15883
62546
27906
93251
91203
62042
48190
62741
243
21017
45012
29080
79985
88788
88218
90090
6444
86899
52502
16279
73808
82792
20714
88276
3489
98637
18781
89086
20175
33149
67003
77152
32470
2578
27669
25462
41767
35239
12125
54816
58137
2659
13850
73632
91676
64428
69066
35918
52904
12391
90128
62961
63309
24079
71239
67983
60397
99490
30562
28042
78756
92728
96689
41382
3820
20578
68731
35192
24384
83317
36069
32698
57271
17628
85603
56700
57926
57428
60439
18797
66720
16480
7888
38890
12737
1966
58949
54908
23519
25218
26634
7653
29746
37175
74471
56762
14465
36114
3533
29490
13300
14291
15275
91905
82164
81292
19447
74600
19087
72914
26884
1722
271
80723
96678
14108
82346
11890
8491
60983
35256
46421
32795
68944
43098
78779
58242
59031
35387
81487
38058
12136
97118
19306
30838
65621
84349
16953
92386
39898
84002
28456
22061
89298
19580
9951
64912
25630
98132
77783
70202
14508
89585
204
85492
20408
81143
85681
14385
37279
48772
64149
70274
56494
18008
67266
52487
93467
1822
36208
29460
7548
6083
76739
61300
33351
21688
46476
31719
53798
12174
50698
34794
89746
89482
36580
12260
64923
89890
41513
86167
56401
83925
86353
97509
15110
19954
78552
91982
51019
87648
6406
19800
13420
19247
10763
70331
90891
41248
75508
59431
43942
24482
20090
85905
60956
90785
72433
33177
74319
90646
10666
78037
19338
57636
18275
84291
33007
84452
16125
56209
80044
21923
76527
67142
6458
18268
58512
95729
42447
87819
27832
65537
28060
98759
30918
26310
75581
20829
12628
36342
49245
81226
36874
43930
76628
50773
13853
60735
98639
93661
98085
98133
41345
33658
81033
33692
75050
36851
1241
31561
40715
92869
80148
83454
8427
7607
3624
73264
82409
27082
72708
6389
18131
24018
71925
25739
61045
92203
89556
5317
72897
72974
90477
86136
9467
24986
42123
51155
13374
86959
61192
7926
71921
67882
20841
20954
60748
69815
91163
98429
64293
89691
59647
88111
1515
53159
9657
7489
11356
30509
20109
67950
55136
76507
8083
25523
58780
63907
12831
2012
12702
64136
92530
93968
87537
13731
40730
23699
99238
16722
98125
6297
93354
27241
98305
16510
20529
88934
44299
25932
13564
81171
79393
1032
65575
68145
21270
18982
37886
35227
15314
37848
11968
99891
96141
14508
58676
30815
63730
69432
52898
55186
12776
51218
94822
16777
24060
80748
97161
5121
79870
77875
80407
66660
92347
97027
59899
46947
58636
12401
81876
66895
36472
13321
9983
29836
86522
98462
4448
12731
60229
24594
97855
47257
28360
21456
46940
73460
1832
44514
95245
19627
73699
68995
99503
81763
32830
42882
57516
38945
50105
95804
83168
83835
1880
66574
44143
92552
85104
63108
74108
15814
86202
14232
20964
74719
82619
31327
91847
68236
11836
50165
38964
3762
84811
30259
68861
90413
51211
1548
19442
9160
57700
95068
98017
63177
42386
5115
45191
14433
62452
94100
92017
83933
58934
82215
65964
5455
34044
16651
17624
31123
85119
96999
81891
5135
61696
44417
94762
32854
86434
50862
25321
72031
55832
6988
33481
97209
98678
49586
82206
5019
25010
42509
72620
11303
40178
24452
71326
50878
2232
41388
1423
31963
33846
99896
39547
68044
15595
45965
71486
82113
94932
37810
6917
11529
20754
42382
65344
90134
52328
63152
36232
93665
1196
77727
64720
12604
55320
37738
21778
4796
23287
553
5958
46412
59003
12052
58467
45319
71107
47263
61267
56492
941
59895
84193
57252
39990
38500
42069
9988
81897
53425
70137
8140
39240
70130
61315
53274
98595
79771
14372
29620
59220
55874
51233
85972
19904
91473
94542
31969
19691
44036
56377
62625
51710
13075
55775
85240
21290
79619
42045
73529
3502
85017
74711
28923
96658
96074
25087
55250
15904
63368
7762
8085
18894
17061
24172
6267
21258
8823
59658
83838
51972
45287
22846
7482
40348
25798
64676
53755
2060
11561
16676
1669
27734
3160
2929
43174
43751
29715
24775
39560
92892
67355
23752
31482
83415
45876
41970
11536
53186
75997
81061
40278
3457
63321
92390
88241
70542
26343
2047
98561
94871
88761
18497
61363
78906
56901
65041
67303
24921
7338
26183
57323
75002
61245
15550
39021
18495
80714
33530
8549
89671
68359
62486
87079
69166
33380
81875
6660
59429
36428
56445
30402
98345
77267
9752
51489
76741
46408
28579
15014
85380
80534
89583
7707
49639
97352
34232
95110
75288
54928
1566
87610
35464
79474
17874
26459
97805
90890
86145
23263
6995
70982
626
5800
72698
32322
58884
68623
27182
75186
35377
69635
65724
32958
28560
99678
56898
42639
97084
48572
46248
69608
78672
79641
22405
5504
13247
94650
96240
92166
51194
72179
15847
35829
13581
19635
66188
27636
22098
80792
91420
82557
92078
23917
71588
88229
34933
94322
53664
34660
95011
47578
85873
27560
81209
58575
90710
26719
70000
24796
53557
50877
35009
96325
60191
19465
46726
90246
42393
25030
62591
13084
80198
84627
30067
89805
3319
33877
20071
27450
81243
58962
39604
27597
19159
23864
92678
77699
41312
80176
18228
8210
11710
84002
43006
80945
39278
30742
75140
41596
60059
92137
78529
27706
57191
39521
29934
9218
57424
7524
26256
14165
77836
86925
92996
7286
58817
1423
17676
3432
45033
7225
34611
93159
55210
37764
14721
77992
86055
15200
33529
1040
38638
72459
305
18739
10039
50037
31953
85938
15220
4758
32676
20483
67719
50339
95296
84124
78371
21253
61155
93097
13902
6391
80286
98960
30846
90309
42965
94512
18091
59596
75821
11870
67290
50059
70598
81086
33058
91484
78630
16636
32408
64540
29604
79903
14564
75566
22189
35909
16470
51747
8079
38152
87407
42798
2269
64038
69360
79190
49096
95248
2482
39708
25584
33128
95022
15056
84784
67534
61854
35865
94147
23537
87905
54771
20139
43517
3052
61235
53563
61463
98078
59027
27959
90458
36905
99425
15397
25815
17978
28007
94917
9289
81581
72645
73070
40018
60589
96454
92726
99095
8575
69793
22865
5990
99406
910
53132
1200
61100
5361
87248
38553
35233
94104
90424
27894
51217
90467
42585
9727
71955
47317
31013
68983
83843
93284
44657
26822
17281
97159
84190
9112
25867
88960
1334
73219
91977
27810
24555
79516
54319
77214
88722
61356
89860
66780
48582
52037
39841
25208
90225
8417
3460
8977
85714
53408
95285
45496
21970
86728
39116
20890
92752
13060
75130
98578
14247
36175
73
49393
26855
76342
92402
12896
15526
36249
95283
50735
52955
77495
95174
99053
2865
34690
66767
27449
65319
71911
71838
76355
75301
54169
69024
88742
1282
58378
64464
49681
4070
39087
41547
3843
44223
99419
51726
22160
74733
3692
4853
48465
82431
76331
28375
49958
20508
12383
23013
44498
96743
21773
89804
32252
43781
40685
38100
85020
78071
9929
8555
35743
24326
71257
8605
11486
21838
46582
65201
22432
80099
98665
96090
67623
22262
36530
16164
67638
30195
25071
6097
52144
51142
68976
26680
14500
81262
70008
63744
17971
14974
10702
90593
71830
94805
9981
3736
96219
46438
72847
84417
54149
8064
75632
82607
34720
50885
44064
43556
69134
95093
72878
37873
4975
48542
33127
93243
44601
45561
69060
70059
8078
22445
76616
46711
34671
28757
40823
54886
99325
18365
68257
87925
14086
49429
49240
75191
99430
97184
80390
5457
63692
5718
57008
89616
53760
37043
76793
25470
24082
26589
57179
19124
37468
74721
17757
20061
24346
67738
23463
87655
96633
58825
59353
571
13025
73634
71536
83836
79693
20853
81036
12596
75073
22216
5357
43638
35563
68078
7481
89593
36164
8075
83006
7379
99404
1356
23983
85607
11727
57047
95358
90728
90733
55899
36087
48315
68110
47914
68707
48029
67503
33419
66960
97175
39063
55185
2181
43918
81914
90249
29961
31176
5397
56522
29409
959
33894
12135
34748
2436
61082
18846
55108
55332
74628
25590
10204
88355
69875
95317
91595
28659
21788
90332
83220
55450
23460
99771
85973
2228
43220
44000
99999
89568
48705
23823
91283
30376
72992
80388
37966
42648
8597
55240
61929
87007
93746
43053
49051
36119
55554
16978
74476
77748
28548
44867
56657
20582
71714
25682
14987
88283
76258
34289
59494
73773
97659
89721
86375
13331
80742
80621
28529
39912
83043
9070
93846
7481
22304
52759
27793
37017
85012
79579
81984
16277
16011
2535
75222
74907
16656
66015
94854
1761
37348
76173
70315
24092
15794
65304
94426
89470
2879
42871
29723
60912
5275
57713
98283
10392
29996
89776
87256
25214
80421
67823
41456
34371
9945
32091
73734
37117
29223
48149
40400
97004
14007
96173
71416
70567
92776
61440
93466
81662
39059
6473
95554
73417
44466
73459
46909
39533
15570
96788
72514
94952
38910
60682
44059
81244
77128
44674
9113
60905
81431
19352
3101
44804
6871
9806
45120
36424
64571
54331
88963
19298
84897
1246
5336
4328
76846
