161
586
993
232
15
738
470
747
314
810
422
644
203
345
812
273
879
560
532
755
201
808
657
992
518
497
705
667
542
183
165
392
516
718
217
143
296
640
527
513
545
480
271
716
230
224
841
781
981
921
761
448
388
165
382
250
431
448
923
84
47
985
201
907
947
431
990
177
520
574
783
745
166
781
537
45
497
139
423
702
392
179
551
831
168
276
443
869
732
534
807
676
985
526
69
248
245
978
119
369
77
434
908
202
677
674
7
751
868
924
530
107
151
643
62
885
218
447
237
50
48
354
600
36
375
970
291
133
287
430
218
226
347
706
206
460
657
578
998
324
912
190
793
630
861
731
646
452
883
273
755
540
841
994
921
63
520
25
804
120
322
338
131
641
817
632
579
256
420
846
838
580
713
241
598
491
706
954
694
395
950
350
185
190
758
141
779
700
140
935
646
860
587
471
597
132
207
630
65
137
106
359
56
148
609
894
260
779
715
901
748
720
340
307
994
450
860
971
558
498
433
84
854
257
197
415
671
673
104
887
197
492
968
688
912
900
386
571
667
23
316
170
245
673
406
406
87
820
105
127
966
339
9
469
925
421
891
186
648
835
130
75
419
873
638
588
576
287
488
92
998
268
487
170
277
550
152
186
864
103
764
319
757
297
953
117
743
985
623
18
858
643
753
893
389
876
960
157
310
862
853
123
549
836
804
43
654
623
442
281
928
503
123
287
70
735
630
625
567
202
807
588
268
230
352
765
279
703
801
271
413
839
642
52
863
494
461
897
734
398
825
716
81
992
636
463
782
439
247
416
975
817
533
269
342
749
366
374
210
510
908
713
745
916
895
631
494
660
762
426
482
921
129
1000
803
22
143
733
21
829
251
783
543
325
216
125
69
942
822
75
909
415
322
672
464
142
809
371
79
804
638
8
183
462
875
702
744
684
947
767
985
158
33
998
676
194
522
296
712
863
120
889
669
274
916
100
193
188
918
847
373
514
595
684
169
110
741
862
746
981
6
361
769
468
230
397
913
912
525
963
609
779
284
654
330
633
470
442
185
417
223
20
672
334
163
890
768
467
612
755
814
507
914
44
507
160
562
781
504
170
917
758
851
598
516
147
547
353
898
389
9
31
691
533
172
798
855
6
459
381
190
940
832
973
328
825
857
670
102
394
349
860
403
67
976
237
91
886
965
201
402
736
372
344
934
469
689
42
389
390
621
648
509
288
1
74
416
739
110
468
69
265
897
322
577
715
42
578
921
104
347
919
201
658
558
272
134
396
794
739
767
319
217
500
215
998
294
473
143
304
135
419
751
392
459
85
876
761
683
656
331
996
427
30
333
616
834
820
687
632
450
912
985
401
871
26
539
985
911
648
962
232
898
894
40
891
764
716
941
112
394
848
403
405
447
764
640
881
860
223
505
269
784
784
162
999
337
198
421
208
378
959
485
236
705
874
915
396
642
573
378
225
9
366
999
604
740
877
778
669
41
137
888
359
37
275
703
52
494
449
125
395
118
216
477
208
863
511
974
5
1
348
749
527
318
708
797
587
343
1
498
574
981
934
542
23
802
221
842
393
711
459
453
345
27
452
889
675
282
27
565
256
513
81
46
128
73
876
285
965
176
42
652
240
929
244
336
681
748
103
586
156
495
927
176
77
278
153
957
683
203
341
284
208
446
341
348
835
572
645
120
110
295
477
833
930
850
264
808
937
401
311
415
805
334
101
898
243
566
160
788
992
898
725
981
441
688
516
843
102
131
316
62
749
677
406
772
735
875
881
108
515
495
172
835
777
103
34
202
977
832
561
245
307
56
394
924
243
496
656
899
495
122
452
160
84
595
508
837
52
879
267
54
357
408
686
757
115
275
57
217
26
830
422
993
790
275
719
752
591
376
991
777
689
654
608
429
161
289
271
822
332
504
709
434
295
307
34
895
418
282
680
418
312
409
801
849
73
60
486
158
908
558
261
747
952
696
691
696
509
357
923
673
9
514
401
782
186
278
178
774
122
459
943
761
550
133
142
920
866
308
48
278
952
42
430
737
813
318
423
542
425
20
20
854
272
383
288
223
232
659
30
912
419
567
709
426
544
249
515
747
350
179
509
947
22
875
1
934
518
456
494
45
295
578
429
763
276
416
845
343
498
331
345
815
518
658
466
260
684
459
950
94
7
329
777
34
237
4
646
528
457
559
838
922
534
473
705
237
155
980
155
360
937
315
754
933
368
542
687
288
255
348
514
557
187
237
829
531
42
744
13
469
329
283
572
751
831
860
241
