1848
8884
3058
2999
7237
6388
9979
1284
5730
9220
2632
4471
3747
4564
3036
9523
288
464
3433
194
7905
5197
5534
5998
6819
510
8082
7093
4409
7158
7547
2753
7665
6833
7363
3563
6406
1851
4632
2294
6624
9111
8738
946
5005
4693
4114
8501
7344
7144
3793
7392
6073
4971
4354
4049
1198
1858
4953
7903
6661
5343
9359
9602
2911
1766
8782
2968
6646
5635
7085
3848
1450
2648
8174
3838
9807
6502
2612
4090
3350
9182
8830
1837
2986
9798
7311
3179
9222
8448
8619
4655
7973
5116
5338
5144
7889
980
7890
1845
3651
3865
3839
2818
2034
7390
6720
3180
8287
6871
5881
617
4399
305
5066
4521
9418
6812
7248
9581
4522
638
3257
9241
505
3476
7554
4824
2787
5207
6452
5013
3576
9082
5662
1207
5316
6903
2439
1365
6666
17
8317
2542
3759
2372
8251
453
9713
6864
634
1003
1281
5199
290
6600
7416
9729
7048
6992
6117
7698
1407
935
6317
7411
1176
7650
5017
9715
7934
1086
9636
1873
6134
3128
1160
9967
5615
1062
3846
1363
5885
8286
5512
6039
2509
6243
939
9409
505
161
880
9783
4327
3699
3767
9624
8105
3351
3241
5741
1570
3270
6687
2080
8669
9302
1026
8881
5876
8142
6995
1740
5311
155
8107
1369
1693
8168
9488
2843
7484
5714
6285
7139
4733
2267
533
8818
4829
5322
1855
429
1652
3277
5775
4232
5262
6608
6762
8998
7149
8777
114
8821
5328
8818
9155
9876
4216
1573
9450
6004
8567
5170
7802
7601
3545
3632
5831
1853
1889
3990
1839
9373
4614
9346
838
2338
8426
5848
422
2763
9149
2433
21
6613
5860
2778
5933
6725
6119
3506
8627
6496
4335
2036
7776
4117
4059
4254
7178
7614
3362
2492
2160
1818
8819
401
9129
3284
178
6311
3336
366
1881
6681
2010
1523
8924
32
6092
4119
7268
3652
2653
4913
1848
985
4014
7093
4712
9551
5382
8162
1427
81
7476
459
7639
8526
8892
5368
5521
8760
8963
3311
2719
5123
8469
2859
6836
8675
670
9387
6439
3358
818
3513
9042
2864
3367
1346
4069
6134
7860
6630
7679
5413
5710
187
7841
3490
8565
5118
9829
2743
384
2614
8695
3564
8547
515
2237
2224
2050
6335
1958
5451
2015
5747
6387
8826
7985
8006
8344
9490
6359
612
1961
5719
1621
4655
6757
8689
6305
5371
9463
3747
7931
5352
2109
5172
9770
7202
475
7262
9892
5988
6571
6081
3859
9176
4927
1676
5248
4063
9504
9330
5826
4230
3483
8670
2803
5834
1428
6858
7394
7639
4788
2951
2669
7264
802
8037
4834
9750
9050
4942
4870
9353
9509
1968
8899
334
8418
4417
1662
1494
5151
2560
4251
3346
1366
6822
2949
8852
2736
7276
8955
8473
7570
794
3532
7762
596
3278
1450
7974
7769
2704
7075
1060
7735
1693
1554
2282
3692
8280
7553
357
1706
5850
3944
9687
841
4422
9035
7822
902
3591
1
8285
3074
1288
4653
1676
9188
41
7209
748
2173
5945
4211
3996
1914
1589
6750
6157
4534
8315
7913
7346
7899
73
2911
4993
9609
7335
2594
414
3619
2803
5186
2798
4166
3733
6400
2784
9368
9136
8218
9285
3624
8758
5988
9130
2556
1180
3599
3136
8327
5867
9962
6969
1636
6062
1396
6823
352
434
8764
7417
3220
3253
2658
4281
9555
4565
8909
7872
4285
27
9831
1283
5089
9167
8112
8632
7876
5931
9960
4974
2895
9346
7089
4211
739
6830
5177
5398
9602
8664
1178
7978
3429
2845
7826
1672
5161
9632
969
7039
6129
9893
1201
42
8401
1364
9167
4256
1957
4082
2965
1869
7348
2854
9323
6480
7856
7866
5181
7100
5230
8728
6178
2203
3786
5098
8982
4002
6781
4942
7025
2762
6287
671
4261
9113
8723
8867
1469
5315
3246
71
1807
8237
3294
5366
4890
3958
868
4458
1167
1443
1500
8781
7218
5353
4877
2860
9976
4032
2485
5223
3941
2341
776
6549
9976
4716
51
7173
2861
1380
7014
9249
7188
8601
8087
3667
7740
2824
3015
7296
4107
9381
7252
2694
8000
6519
9012
5152
1484
6980
2474
1661
1251
3973
9292
9966
5406
6663
4073
1524
1139
9997
4668
5826
1203
3248
3404
2462
7915
6296
9332
6536
8415
8030
795
4837
7769
4560
1065
600
1019
9413
8756
5598
7461
6911
5883
6037
8598
3018
3573
7481
5606
6751
4787
5457
5309
3728
7530
1570
7965
1426
332
5660
3286
3470
2324
1474
164
490
5801
1189
5611
2105
50
6973
2086
4498
3980
2748
3384
7036
6434
8203
1464
289
881
2803
3600
1188
8432
7497
8036
6896
501
2560
7157
4031
5110
139
2417
2025
5264
1797
9554
9937
6132
2884
3644
792
8647
5491
8814
4143
7692
7949
8231
1225
3826
5770
3817
5770
5248
6088
5984
2940
8988
2980
7782
6517
5103
9044
798
332
5003
5299
3380
3258
3280
4024
3487
6253
9384
831
3407
121
9270
7214
2777
9805
6097
5144
7963
7640
6338
4817
1654
264
3146
4697
4492
1228
3730
584
6140
9958
6475
9952
9478
9928
4111
4182
8635
7077
3557
7476
7499
5577
1991
1227
3148
1936
3521
3973
8582
9306
6289
8857
1888
9685
757
6122
1243
2044
7863
3664
1998
7297
9904
3997
1192
7241
5556
9808
8354
6792
5370
8394
6838
3823
8429
2757
1403
4413
1425
1249
9165
7510
3501
3253
4133
9699
4775
9644
9267
3261
1501
8365
9688
9219
1311
2974
2063
3542
8101
1283
3971
7545
5053
2600
4750
9026
9388
7862
5164
6106
3863
7496
7561
6646
3234
1815
9229
1456
8288
344
7093
3395
1790
5353
1098
7713
7725
1644
6559
7886
9432
5259
6604
5342
7024
615
6827
9138
4838
4883
392
4739
4463
1993
8635
8633
9902
5231
2199
1820
4030
8259
902
3934
2012
468
8571
969
2535
473
3352
512
4481
3170
1891
8237
1787
1015
3058
7223
8112
2989
4573
3717
2086
4147
3784
4810
9224
8625
9356
3601
8936
7657
5406
1071
6198
5850
