153
5958
7603
1309
1249
4048
9664
467
4347
5090
6449
58
3769
8721
4796
6224
9246
5717
3357
4213
8194
3497
6603
7546
8567
2520
9308
237
5446
541
980
7788
3772
2674
9082
9836
8811
2277
9308
4101
4058
2894
2145
8113
1931
9547
8528
5709
3279
9414
2881
3160
8368
2298
5778
6730
2783
8971
3784
1450
4402
1649
4297
9908
1026
8092
3319
9871
7879
9234
6528
6764
246
1488
3915
2523
7364
1308
9486
2088
1790
1913
1402
9983
233
2322
3204
6091
1581
157
8091
177
4812
7630
2563
6406
6624
2252
6359
1914
1422
2133
3301
9939
372
8565
370
9377
1510
208
7668
8719
8865
2807
7610
8450
2675
3762
7771
8948
6637
8801
9333
97
5071
1752
2346
3335
8909
476
5779
1099
9676
9096
6497
9981
948
4140
3620
1045
7098
3758
6562
143
3021
6867
3593
8660
3226
6574
5417
7882
7198
3088
1965
1160
4673
2031
535
4198
1216
3425
9926
2003
8514
8076
326
740
5299
878
9512
716
355
2974
7881
6856
1387
7428
6295
1659
3006
4697
2006
7944
8433
3468
5607
6887
3279
9580
574
5913
1030
303
6956
3518
5755
4711
1567
9569
8109
1536
7382
3660
2440
484
3998
8817
2466
5828
5901
8885
1125
2679
3481
3272
3187
313
2686
4626
7335
7727
1307
5540
7158
3240
3100
2838
2459
6036
1679
5616
6770
3968
2375
794
9580
3952
8150
9074
6191
8758
1259
5233
5390
4897
4324
1693
381
4199
2291
8658
8052
2502
2513
8298
7192
9857
8627
2842
5923
5581
5849
5809
6474
8251
2902
7895
3614
4461
4464
8207
3865
7216
8671
3029
9585
5355
3625
4645
5026
413
65
5140
3232
6159
6796
6545
9729
764
732
2103
3429
3827
5516
7695
566
7334
6802
1873
3990
4399
886
2822
6219
3236
874
5420
7734
1342
1163
8171
1440
1975
8128
1744
8737
1270
7676
4731
1556
9123
787
4715
5118
588
4814
1737
7396
1208
1038
8056
2371
9214
5479
837
9519
1496
7791
238
7987
3822
6971
9222
6615
9892
6420
3381
3777
3371
1161
8659
2764
7550
5379
7505
9293
3689
139
4651
8694
683
2154
4279
1194
6346
8116
7028
7206
5662
9829
462
4472
9974
5151
9607
5125
8228
7876
9423
5326
3522
1411
4098
111
8500
3931
803
2665
9649
7830
1982
8076
3480
6008
5258
2142
1829
5556
3324
6083
3168
3666
5533
3245
7431
5381
9642
2081
3701
3165
1301
9088
709
9053
79
1963
8333
5737
9544
909
9778
2345
3487
1600
596
9786
114
1822
252
7351
36
3138
960
6248
174
6458
8930
1853
5789
3689
2641
8113
2503
4470
2702
8952
8265
4627
614
2015
1398
3986
1898
5546
7592
6687
512
7610
6998
3939
6773
5309
5329
2564
7410
1511
8639
6550
6432
9110
4176
3656
7211
5964
5827
3111
803
480
9983
9415
1606
9739
6360
5137
25
356
6012
57
7086
3493
507
7382
7953
3844
2752
4167
5992
7592
8704
8739
4188
1358
7623
8350
8670
2752
905
4812
2861
1835
4657
7839
543
3866
7523
8404
669
8953
4569
4237
7733
1330
3833
3166
2269
7118
5117
8653
1004
8820
3811
3168
8983
1112
8250
4178
6419
44
8536
7422
4806
4597
6146
4454
4919
9805
7931
3529
175
1927
8889
1401
7511
1707
2637
2176
5241
4405
8894
3417
5915
6415
242
2473
4687
3349
3962
833
6961
1201
4110
9945
525
9255
201
9092
8937
5921
4005
1032
4730
6955
5763
3520
6855
2098
3378
7671
2645
8968
7556
2371
4919
794
3012
9180
5
7642
6640
5600
2651
6426
315
2247
352
6851
6572
1075
6855
8136
6841
6972
302
4569
2810
9310
5267
5956
2218
7336
7217
9866
7210
5811
4442
5511
9727
8193
4993
2393
6823
8866
8699
7260
3246
1128
9183
6080
1161
9730
3143
6247
5534
3297
1326
9437
8445
3229
1036
8448
4874
8442
5032
913
9406
7894
379
8768
6659
9090
6956
2963
3756
7784
6884
881
5799
8823
4377
9049
9398
4420
6184
1312
7039
5135
2241
8937
8771
6558
2634
214
8704
5709
2213
4581
269
8439
9960
9538
8802
3468
5786
7334
360
2510
4814
9853
3263
4743
1285
6775
1872
769
6262
3840
6203
1584
5023
4961
2786
1168
2869
4093
4660
8428
5394
9261
7585
1900
5419
5297
550
3833
7281
2934
4525
6640
6380
3983
2725
6790
1316
7136
3775
2137
5731
7205
7442
4299
9963
3878
4063
5338
8686
1139
4454
9297
5499
8928
9979
5474
8383
1592
7646
3007
6309
6425
859
8329
5265
131
1356
7617
1770
9174
9018
7051
606
5501
7923
7170
9010
5147
1699
977
7047
3453
8621
9547
6403
3825
4399
4691
1788
9664
6496
3947
6430
4344
4153
6252
8527
3999
8205
3049
8849
1955
4218
7724
8852
9208
4303
8119
2453
8370
440
5287
3348
4011
6614
5602
6343
1744
8852
4150
9410
4696
7572
9075
2867
9003
170
5854
5809
6691
509
481
851
8891
7060
8136
6
9318
5300
9297
1357
581
8091
2879
6028
3345
34
1545
9761
3602
871
3103
6647
3892
4661
3303
2461
1465
1046
9520
7530
603
7096
1606
3803
8806
8592
8080
7104
681
1851
2800
3649
8268
9704
1923
6857
8065
5947
2271
9552
5177
5536
2630
6330
9473
3086
3262
8812
219
7837
7383
1837
30
3158
5503
3251
8770
9868
6535
7428
5948
6011
3077
3799
5730
2172
9193
3006
4018
6911
8264
1081
9922
4947
8096
5052
9381
1067
4384
8522
7470
6095
5194
3306
9454
365
9424
8040
8733
2846
3904
7551
2890
7970
3994
2618
4757
6049
5532
1630
592
5019
7775
405
7747
8080
8699
1163
8697
4395
9070
1468
1080
3957
9645
4477
1040
789
7409
7125
6280
7561
7118
7529
4416
7528
7247
5648
7225
9976
701
3539
5542
118
4290
9866
4409
481
809
3638
4256
9116
9246
4044
7288
7918
8549
4839
1558
7653
3507
2688
7009
8017
4257
5723
8785
6197
7011
152
5379
7405
1855
8381
7588
8749
4951
7141
2987
2577
1234
2733
8347
3783
9653
4887
6878
9856
5214
8368
7061
6127
4438
5794
665
1976
7343
5380
9295
6680
5246
6605
7349
9178
4133
3063
2416
9596
8356
5254
4234
3790
1436
9001
7329
9140
1546
4190
464
8196
8360
9760
1668
2245
2323
7203
2558
8232
5324
7211
2674
2890
2202
351
1405
2916
4991
2568
1681
7327
7931
4876
8730
9251
4805
2731
6231
2738
2446
11
1494
3246
4354
9356
7322
783
4883
3878
7179
6946
5880
7189
6001
7749
9624
1059
1007
2823
5335
9953
2190
3243
7021
2831
1193
8596
5103
7657
7896
2574
2242
955
8768
4165
6736
4683
8672
1695
1116
2929
1619
7545
1522
5977
1179
4260
2425
4249
390
1455
2390
5121
3488
3102
5352
7929
5111
4741
8007
3063
3239
3211
2340
5758
9793
6038
5601
1812
6158
8085
2159
2565
9188
4891
4411
7414
7404
8246
8556
5286
7932
6819
9688
8859
5675
8890
5807
972
240
8564
8465
8358
6974
8326
6850
5197
2940
5962
4564
2970
6425
4206
8430
6038
2957
1267
530
6623
1315
5165
593
8952
9935
2556
4183
6000
529
3893
6378
2272
6270
9659
9341
1870
3653
4408
437
869
2239
5256
9305
2509
9512
6966
4169
7063
6010
1968
2269
2177
5780
7615
7327
8938
7125
842
4744
4744
5383
1421
7777
7829
5173
6027
9368
3219
4963
3497
1832
6008
7844
98
619
5906
9276
5198
4205
7415
3744
7656
3315
6469
7763
4254
3717
6015
6099
1513
9185
7965
777
1509
9175
7244
9374
2694
4702
4830
1746
4593
9598
5603
3642
6155
5229
3262
8661
3797
5369
3857
1786
4943
5842
8848
3249
2782
6846
4739
5761
2048
6030
3244
6363
2241
6999
8923
6349
3958
9556
874
1240
2793
1655
2399
9219
3293
6096
6805
2069
4718
3292
8065
5397
7339
8809
7524
157
1791
8665
1937
3526
3075
8944
9533
5146
811
8712
720
2446
1586
297
9719
1146
8413
6507
8170
9662
7987
474
58
1024
3102
5161
7995
4599
4937
8489
1674
4915
125
7190
2006
6291
5530
9244
8096
1323
6341
6443
6890
9918
1951
2286
2579
1917
1462
9873
2992
3030
5423
5281
6067
88
5925
7601
3576
2135
2537
3013
2540
3921
8137
9622
3978
3123
4709
9117
7529
6476
762
9897
8181
6309
1716
229
1037
5468
8368
934
729
3962
5984
7221
3073
5807
2030
9166
5368
6358
7699
4959
2277
5859
2954
1069
2078
2718
2781
936
3934
249
5393
2712
4062
7817
5713
8822
2703
2901
1252
5962
7257
7158
1107
9930
3039
8694
592
9959
6543
9489
8059
9701
2761
4861
2622
7084
7829
6753
5849
6331
1970
8884
6846
4049
3335
3034
299
368
4894
2417
8574
7086
461
2512
2229
9223
1737
2721
6660
1284
9363
7805
6538
6026
5066
380
7834
6217
5524
4549
9555
3830
3873
2187
4754
5366
7208
877
5734
4099
6482
7382
9592
6414
4241
8300
9379
7365
1519
7245
3510
8156
7087
8242
8197
9177
7446
5000
7864
1716
7390
5730
5586
1193
3278
7461
9703
4601
776
2726
4039
1294
6417
6761
3345
6555
3193
4722
1235
1835
746
4611
4577
7377
2697
5757
1962
3168
2307
6867
2748
2785
3001
8124
6285
4195
9922
50
2199
369
3145
5573
4988
5067
8496
8609
8668
2491
8319
5759
9642
5087
9613
7544
5971
509
4031
4669
9895
8985
3366
9109
6136
7898
1613
7393
912
6580
1992
6198
4866
5856
5992
222
6878
9270
5669
1287
2617
4188
5630
7897
6281
6414
6301
1392
6295
2359
8399
2681
2747
9566
1048
9403
8883
6285
6843
6024
1963
8627
4039
7167
7383
5087
6314
9081
2827
1929
7583
2801
4138
9355
8158
639
2075
1148
3383
157
1888
9040
2089
2626
4953
3283
9205
4800
8913
107
9255
8311
6740
8869
9346
3322
15
8719
5275
1152
6530
8423
2629
2566
1205
2999
3847
9328
2398
8067
8091
5051
4497
9663
3390
7669
3280
8302
7141
5070
3842
2564
5327
4822
3343
4469
8596
2043
7063
9667
8544
6676
8823
9663
9167
2303
8481
7887
4681
8005
1364
4178
2778
8966
5440
1535
2665
1533
3675
4575
8790
9175
2189
9001
9594
2575
9280
5238
6021
326
2001
2141
4454
5505
2293
4207
1623
1100
1119
5219
2337
5826
17
7341
3694
851
3034
3981
6139
7012
1688
5746
8810
120
9317
5379
2864
8879
3107
8466
7723
7636
5493
4711
9180
5416
7579
3931
4727
7717
1789
5151
9365
7133
5667
6703
1517
8553
8159
9800
9085
8945
1994
1544
1370
80
6611
4558
7204
8399
9802
5215
9064
2400
1885
5030
9203
7204
2251
5310
2016
4226
3708
8115
3956
6161
5985
4059
5200
8143
2242
11
3573
1774
3810
648
6705
5606
8412
5738
879
4242
7131
2774
1960
6083
1519
1716
8628
7847
4911
9578
871
3561
2765
8260
2966
2519
4250
8725
5357
4722
9339
9888
9119
9325
2225
8030
2510
1986
5469
4546
6582
4016
2113
8654
9015
3946
9079
4588
1973
6493
3894
6496
2749
6773
7934
9680
7506
2244
1129
2021
4176
747
8942
9689
1355
2121
3879
1558
3918
5861
5722
795
4497
7987
9307
3018
8083
3304
47
2278
6502
5267
5818
3871
492
6026
5448
1682
631
1016
7445
7376
3795
9178
9630
868
3564
3607
7448
4104
1046
2986
6496
9889
3286
2381
1005
7525
9430
5126
4254
4969
1216
5821
3031
2443
1692
5267
9644
3513
1890
7187
7474
2485
6331
5707
2896
8033
5862
5974
3658
2492
5728
945
7121
247
7928
459
7821
2545
8736
5713
7255
2220
4434
5680
8133
6766
6350
9727
2932
9907
9375
3359
2828
2833
2682
1906
6576
2275
4684
6273
8787
3742
3952
4653
8721
3918
8203
3658
517
6052
7585
7383
174
9614
1950
1892
5080
7445
6414
2508
1379
6941
2190
5084
9566
858
5250
3468
9015
7355
3803
7492
7137
771
9151
7734
243
2722
6418
9467
3677
68
631
6963
7461
2568
9457
5693
1335
5298
1077
6499
7555
5468
1150
7283
9280
8774
2851
8265
2095
1631
6645
8312
2996
4432
7672
7077
2934
6349
8749
2584
117
5501
4979
7125
5773
5194
3565
9621
1239
2948
9835
9545
7522
5030
6308
2042
4093
1927
7453
4563
5299
9459
7680
5476
2796
1803
4260
4258
3116
2569
8438
2418
5134
8711
3575
1854
7280
4122
1433
3891
3856
6501
4764
5065
3821
9927
261
4859
189
5371
8207
177
3469
5545
695
439
4482
8077
5701
426
925
8654
1584
2401
1223
4955
1738
7392
2716
2298
5431
4515
1767
9516
6097
4125
6338
3221
9775
2974
4382
8219
1739
7688
2649
6869
2681
8484
8546
9780
2358
5994
2653
4083
9679
977
8707
1141
5441
9964
7162
1242
8449
3372
4896
5287
400
8630
4694
7544
2723
1143
5715
4769
8882
7469
5969
31
4869
8371
8244
3284
3290
6040
4844
7636
6125
3406
8637
5258
4766
8106
9157
9128
3062
5125
2309
4986
6913
9127
4638
7090
9199
3888
4825
9666
3631
7465
6204
5434
5511
3496
1633
5016
401
2173
2888
9074
9006
8912
5737
3890
6213
7200
9259
9136
8358
3860
6700
4182
4295
9988
3759
2797
7635
5016
602
2979
2714
9257
3919
9866
6745
5644
5349
4031
4074
5287
24
6983
8523
4081
7346
3755
8079
3013
706
1493
8474
6949
873
9684
472
123
3659
299
4823
4031
8065
7120
2288
2495
4378
9959
6583
5073
8595
7742
5663
2602
2967
9070
1188
2498
1061
4069
6475
5367
2343
1616
2146
3238
3612
7698
1911
3515
6701
7342
7114
1674
2027
3510
9568
7338
8025
5426
3646
6622
9910
686
4555
8481
2040
9966
3693
6442
7956
9376
3013
1798
8936
6731
6
5167
4249
1278
5202
3072
7043
7404
3161
4100
9407
5267
7510
2848
2447
7608
8929
1007
5555
7976
5909
9184
6855
6293
8864
8999
1427
3453
9106
6805
1214
6582
7769
5589
4109
960
2414
5067
3912
3455
3195
1673
6537
7975
8715
6133
5918
4201
7505
9112
2796
1625
4882
3942
7071
7974
8721
9483
1107
1747
610
7246
731
1431
4420
979
8220
8073
9481
7838
7485
9487
3989
7707
7029
465
6425
7173
6458
1752
9050
8572
3671
902
1451
3302
4122
6421
7137
7741
9690
2752
586
2942
8976
6374
9583
9760
1434
4875
4505
2005
166
2569
2423
8230
460
8133
2581
1135
1487
3337
8997
6988
9510
5476
9071
2609
6950
6568
7280
2866
2656
6852
4686
996
1154
7582
42
1450
197
5887
9880
9119
4990
2406
7417
5441
1746
6679
5097
6718
6682
8771
4449
2734
6839
2226
4034
5663
4369
1325
8403
1034
2051
2723
2804
3280
2380
9750
212
9611
9546
1638
8444
3227
8994
3574
3411
5071
1724
9024
8949
6884
1321
2263
5844
2598
737
7291
4824
8287
1468
3488
8227
2841
7520
8704
4043
6541
1655
271
1372
5080
2526
1778
6738
5251
6954
5517
3931
6602
323
5245
5144
2170
8216
2485
292
1230
1271
9203
7893
935
2562
422
4377
1423
1885
6272
2290
2329
6736
7526
2915
6852
7860
7922
8765
4407
4844
4202
2622
2140
4779
8219
7829
431
7488
5000
8101
7441
4602
2809
2463
7838
6158
9878
7731
926
6851
1864
5203
9726
609
9176
9641
9884
8346
1014
9630
620
503
5230
9926
9137
5862
3406
2251
2354
4335
472
4181
9613
5205
5735
7926
6109
7457
2152
8217
8561
6828
4299
4888
3326
1881
8936
9955
5284
4301
2441
384
2856
1060
7258
7835
7239
4979
8143
7515
2965
6947
2364
4471
2817
3062
2698
1909
2980
743
829
7737
4879
5898
9633
4826
6073
1787
8270
5780
9430
8579
8785
8815
2653
2692
587
753
9437
3742
8295
4919
9959
718
5019
209
9387
8575
8872
5681
3677
1366
9045
3786
9388
6042
6093
4191
7795
2880
2570
5802
2030
8217
526
2542
1911
7419
4954
5732
9750
3737
1707
1378
4459
577
141
2777
4424
5196
7727
3014
9529
8831
4584
126
4449
7484
3770
2065
9881
1559
2202
1096
7482
5365
8572
7947
2647
3390
5444
5091
6623
3530
9106
672
8001
608
2073
9232
6284
2772
894
3396
6816
1610
5676
9240
6382
5144
6546
5499
7623
2312
8080
9167
7582
9587
758
5070
1627
5667
1649
928
1258
8523
4749
5399
711
6142
1087
4722
143
3472
7192
5338
9530
767
1263
9852
209
1300
5416
642
5092
7495
2634
2813
8455
2934
1506
6933
9542
2254
581
627
5434
7758
1562
6275
1923
8536
6025
4354
913
6526
227
3192
9184
576
3138
7250
8280
2241
2896
1012
9115
7997
3885
6400
4416
5333
9659
7357
7089
802
3670
6899
6196
2271
1622
9869
8306
2308
9881
3018
8630
7632
6254
7010
2867
2686
8609
2732
324
8251
6277
6618
7959
4201
1532
3561
1496
2381
9256
3999
9836
7501
4206
1322
4604
2643
7463
5395
4418
4188
1129
2129
1025
9598
7613
8561
2983
6844
4430
152
7886
11
9931
36
4482
6643
1221
4429
8031
3540
8715
7474
906
4167
3816
9925
2197
8173
6664
5561
9751
653
4268
8847
1155
5319
5872
6942
34
3329
8031
4420
7409
4920
3930
955
3024
1957
1677
629
9685
7055
6180
6186
6881
6204
1509
4598
6143
5048
1315
8403
7424
6918
5387
4223
7835
8452
6824
4121
6550
1808
2690
6664
9864
5712
3207
5996
9640
3536
6935
5753
3965
9800
898
4894
7000
3650
5368
2270
2061
2414
7181
762
4279
4248
5036
2812
9059
9051
5329
2204
9791
8177
567
2434
5340
8126
9022
6545
5051
5287
6893
8375
8785
2817
583
2102
3288
1064
7983
6829
7140
8514
6759
8776
775
1277
7138
8122
2645
2032
8440
9647
2660
8676
1340
7335
5646
2952
1320
8244
9866
7012
7894
7939
5093
964
1625
9775
2358
1778
1602
2958
450
2549
7771
4665
5620
6866
5466
3463
1756
1365
3033
9863
6591
822
6145
2540
7594
4
2186
7205
7385
5288
5702
8277
713
2716
5706
6204
1279
6338
6797
6250
7956
3960
2502
1674
2983
3881
8603
881
1732
9256
7434
1784
2157
3990
1004
9440
7624
4983
9113
3204
1492
9373
386
2696
7194
1953
7695
4115
2246
7252
9740
1831
4983
4405
5996
6601
1938
7556
7339
4771
9442
4120
3718
9478
4210
4540
8053
6835
8007
581
926
6775
5709
562
3098
7541
5468
8223
9217
9198
4467
9437
7397
7409
983
7146
8279
6854
8051
8
201
999
8192
9466
3711
4936
7003
5502
9642
2499
5786
577
6811
6830
4492
4220
128
4016
7138
2128
7410
1738
422
7701
3735
4827
7859
1199
6380
8297
3177
7285
2528
3475
8411
8473
9359
7950
622
8366
8144
3649
981
1692
9346
4641
8420
7440
5865
2367
7426
3202
8052
2905
4367
6990
933
6867
2141
2265
1482
6677
4198
8068
864
9682
7510
4195
7989
9518
103
4019
2185
8443
2167
5712
7594
1213
4495
9977
8954
187
9957
55
4400
7847
3766
9180
7339
8059
8688
3068
4417
5600
7144
7922
7128
7763
3654
8574
2539
630
4695
4395
6200
7470
3370
5790
964
2684
8988
1588
8738
4795
7919
8517
7111
4596
2660
6262
5835
7066
7373
176
2773
9563
2835
8920
9200
4386
7802
3743
6306
4439
2749
6984
1867
5040
4606
43
5398
852
47
9624
925
4378
2298
951
7741
9628
8835
1950
6840
5279
1301
4397
2621
2477
619
4376
407
2024
4261
2944
7787
1437
4601
3440
9630
554
4506
3329
1249
7320
5583
7464
8548
8539
4346
3770
6731
5058
30
6677
5234
3218
987
6332
4337
86
6239
5457
5269
3633
5821
7565
8651
930
4020
8857
1970
3144
7249
2870
6774
3542
6960
7918
5224
1631
252
1938
8137
9337
6554
8519
2132
958
8853
2016
3294
6021
8659
3060
4971
7439
7021
1033
4279
7449
9054
6987
2604
5298
2230
9866
4106
5444
6431
3098
1468
8356
7183
2446
7425
1241
4364
4574
2598
387
2484
4455
3975
5778
4302
6246
7294
2466
9455
1368
775
6579
746
4915
101
8352
352
7782
3460
7684
2952
7855
8289
6516
5100
4692
8039
8481
769
9988
8727
4584
7675
905
7411
3731
5856
4823
4467
6099
6969
2684
6899
8095
3665
1477
5841
4242
8698
6769
4568
4697
3208
6269
3312
267
7447
628
9286
2391
7061
1438
6538
9642
3400
7224
2203
9951
9106
6233
5264
2702
4714
614
6594
7646
165
8043
667
2332
3935
7924
4884
7906
5533
6145
4734
2125
2859
8736
2253
5911
3013
6917
7038
7642
9851
4124
1745
2272
2044
8218
9922
5216
1031
7659
3049
3929
7526
2874
1614
2310
2354
9664
6778
67
7066
5676
810
3890
4272
2221
242
3977
2292
2649
8615
7786
1839
3793
8419
5739
3763
4759
8222
8940
9057
8814
9868
4522
5780
9076
7429
8750
8796
2676
5218
6344
3962
1606
9688
9898
2339
4087
3769
2178
57
1780
2373
343
2343
1843
1332
5221
6563
7995
3069
8334
1675
9025
4517
6157
1557
4689
5294
3883
5540
8514
1038
5478
9154
313
1407
9681
4249
8016
3938
220
5637
1421
3295
2964
1901
2496
821
1046
6335
1938
4685
2549
1730
3090
8652
9630
4048
8938
5109
8314
5080
4086
992
622
6932
3027
538
2900
8193
1291
4462
8730
3747
5104
3462
2343
224
9160
7345
1900
4778
8501
1145
4287
1456
2465
6736
5638
9765
4841
6348
9126
7446
3119
2530
9374
4626
6154
8750
772
2077
3717
5400
2734
4391
337
9490
355
6757
2770
2242
7622
8031
8339
8436
459
1961
4383
6219
2333
6710
6637
1394
3527
2659
2469
6375
5709
9698
3008
1179
5436
8425
6826
8440
1876
9617
3882
6568
1053
1892
5918
5648
412
2703
615
1909
2124
1653
6223
6645
4055
2319
3292
2666
5751
5688
9663
7445
6412
3886
732
859
4620
1477
7077
6698
9234
3560
6508
5985
4157
1998
9706
3247
9564
6819
1818
3974
3367
7725
4898
8818
6998
4257
1553
6548
6464
5682
5955
1289
5522
4589
590
7320
6658
374
440
2917
3075
7872
5548
1251
515
654
6016
4719
4733
7163
2937
5924
796
2682
812
4717
8382
1964
5298
9479
9084
5664
8539
8705
3070
4210
7404
2816
8400
8590
7387
9802
1545
9851
1649
7295
5084
7231
6349
4420
2735
2555
2854
2787
7879
1495
3433
4510
3005
9598
6896
691
6403
227
8528
8077
6157
8607
3362
6659
8104
192
8549
9952
7483
4773
6018
1779
9959
3451
865
572
1981
7831
8005
8925
8065
2320
8689
2798
3210
8524
4277
27
4292
1151
9396
1603
3441
7376
8149
5630
7492
1417
844
2457
5841
1390
8480
3780
6372
6880
8209
7328
1481
5246
9337
4767
4723
4547
5864
7380
4472
8934
6220
4533
5256
2318
2148
4268
1938
2201
3028
244
3925
2947
8632
3568
9387
1694
7394
1012
4829
7534
7418
3964
7944
3793
7565
4475
5626
8125
4468
7703
1982
4641
2937
1776
5681
5522
7149
10
8344
6106
2195
5363
1635
4424
5327
6739
4390
7273
8325
2216
8979
7957
4959
840
8015
7561
7154
181
7287
7468
9389
3878
1068
9272
3515
8933
6078
1305
2393
5333
8430
189
1880
115
1983
5957
3146
9992
9865
5522
920
4669
1328
4089
7941
8612
5396
3792
5900
245
8938
289
9698
1268
8247
1292
1212
5859
1728
6060
3749
9696
2356
8482
4382
401
4781
5190
8906
5111
9768
6590
109
9069
3167
3340
5780
3147
2585
7602
2160
7258
8397
7613
9355
7993
5123
2343
9830
8461
4090
7134
4195
6718
8955
3885
2393
3931
6533
8260
4489
5496
614
5833
5467
524
769
9049
2396
2512
1231
9245
981
5506
4704
4108
5453
8647
5262
5171
7378
4501
1181
6712
6855
7592
3185
3157
3450
7634
5034
4250
8220
7839
2118
8096
1544
637
784
2109
2524
7131
3173
5032
3803
448
6253
485
5616
3838
8024
5004
3913
9688
8758
361
8617
7361
2823
6059
4948
838
8109
2239
2110
8827
3804
8626
2963
4772
246
9051
6131
8386
4478
1452
6919
2234
5863
4497
8576
7336
6070
1847
3994
5352
7568
5708
7868
2345
6909
5861
1385
343
4356
6499
7596
9313
7587
8200
7157
4635
9183
9113
4679
8704
9564
6964
3719
8161
9464
6747
7164
2490
2292
8526
4995
6454
3414
4951
2365
4303
2570
9924
223
9432
7327
9272
2253
9316
8795
8278
605
3669
5670
5730
9533
8585
4621
1775
9376
9121
5094
7941
9013
3006
850
8303
5657
2453
2195
1716
5943
5033
1021
4
9867
9357
303
9740
953
7843
7536
246
5973
9236
2620
3601
9663
6870
8891
8286
3209
6368
3757
7492
1719
7534
2801
6519
2985
299
6550
473
9365
2450
5305
6355
1744
1472
4477
9201
2659
7246
3814
5458
8308
7680
9840
2707
3262
2171
715
5235
2289
6086
6072
1436
7639
7560
8037
4828
8514
6292
4940
3844
9657
5810
8623
8503
8769
1171
3664
7525
6042
3505
7069
3941
3867
4707
7306
9566
6058
5300
5345
164
8765
1519
2278
9975
2728
3291
1928
4408
803
9101
5905
1317
5866
688
6874
323
9833
7616
6042
5467
3282
2605
6365
3791
1170
4722
2805
8187
9954
6436
1891
1281
6609
4930
6851
692
7585
3579
1318
1555
1159
6490
9368
3574
9665
1598
3731
4315
7396
3824
6713
8682
9648
3034
7314
7648
1429
5469
8284
4436
993
5234
4390
4609
6843
9199
3998
2770
2283
902
2994
4274
7272
7033
5860
7693
9258
4537
9219
5956
2649
6840
1091
4095
3062
6913
4307
391
639
7767
9659
5164
8398
1821
4644
9649
8434
6311
4416
5730
1217
6854
1119
2221
892
6064
8196
3988
7695
983
779
4474
3526
4354
3550
117
8972
2120
7735
6055
72
6271
1253
3615
1806
6535
2513
7867
5793
7272
7548
7168
1475
6588
5812
8101
7130
6223
8802
9183
4389
7227
4671
6964
5960
6714
3633
6060
4413
443
613
2065
3713
6258
771
4442
977
16
7401
8671
4033
111
8177
4223
16
7660
109
8537
6061
3924
4777
6103
9208
8777
5409
8241
608
9212
2699
509
1633
2777
7466
8595
7066
7877
907
3825
1775
7895
4186
5819
9607
8099
5678
8946
2846
6751
9601
2268
582
7630
4748
6131
3798
8682
8573
1326
5466
7103
1063
8165
7513
8
8102
8955
9995
1510
2704
6871
7655
3666
7697
5775
1608
8006
2819
3953
400
3402
4288
4016
3698
3762
27
2591
5020
5801
1828
2933
4655
9129
1590
8934
971
5292
6167
2960
2297
7388
3775
5646
4851
7265
6201
1385
816
5607
7961
3699
3509
7531
9402
2551
5852
3552
1799
8900
2459
5635
7825
8184
3240
2096
8372
129
8114
5134
8312
3366
446
5950
4360
9624
3672
1298
5035
4364
2509
8976
5877
8427
1851
3328
8951
1545
8516
1165
1183
1284
4533
9018
5000
8514
1742
1673
6100
3853
8263
2675
4410
5690
3435
7216
2817
6086
2461
5236
4416
8705
8271
2185
3136
6265
610
9127
3394
2699
4335
7415
4911
8785
8632
3765
210
2203
686
7413
4454
1886
6680
2375
188
9063
8133
8805
1049
2104
3636
8826
7086
4093
2320
3919
2230
379
9935
1756
3097
9317
5037
8884
9409
265
5018
2336
2444
2168
5331
5621
8994
2305
3584
9612
5701
8250
2055
1749
8729
1188
2876
6447
6192
1044
2684
7903
672
6604
1201
792
4379
8136
1309
6068
8640
5782
9948
7436
8309
303
5947
8392
121
8150
4071
2666
4740
8515
4107
6220
1735
879
1606
4792
3908
832
7276
1475
6026
4848
3455
9911
9235
6134
8222
3175
1766
6826
4243
3099
8767
8295
5476
7663
7993
2942
8602
7064
8376
9267
1216
2693
7749
87
1416
6834
6758
7364
3247
200
589
436
7365
6054
339
2010
9066
384
818
6436
5792
2371
8773
5010
4832
7270
5813
6394
1199
2464
9172
4955
1658
9057
6535
5770
2742
1753
6765
4073
9425
532
6576
7725
3749
8248
7273
5021
5314
7318
7357
9682
5539
3559
4812
6927
5091
4790
2269
1728
9144
2869
7302
5320
2309
7611
3839
5987
5199
8851
6128
4700
3286
8671
437
5166
571
5683
1129
3358
4786
8629
6480
2293
1464
4469
401
7532
2761
6958
8910
7771
6992
3213
2495
6572
8659
3494
4966
8759
6427
2534
2008
6318
6630
4195
4261
1061
165
6370
2547
6351
3123
514
2974
5006
1674
9487
4829
8241
9205
6070
8748
9601
2903
8495
3261
9208
7225
1039
9614
3547
5176
557
6104
6166
8122
3215
1492
3478
4689
7711
684
7227
5915
6740
55
2533
8085
165
1016
1074
280
8828
2204
7296
8598
9378
8860
5862
2008
3412
6737
5636
4721
1453
7146
64
9264
9106
3127
4543
7473
6214
3061
772
4237
5352
3833
4894
9198
1634
3980
6541
5401
4095
1991
2645
6216
1643
2926
3946
7576
8682
4882
1897
8014
8795
635
6623
5002
6303
6877
3324
9738
2237
4393
8805
3510
9484
6766
4802
4614
2105
5785
3524
5422
5332
1657
8171
6610
3403
6912
5878
3062
2936
6706
9469
5800
6677
6207
6646
8188
242
2884
2590
4816
7880
4020
2839
1681
971
9201
3628
146
8213
4555
1816
2178
1955
3134
6137
9940
1584
3601
9459
3687
4477
6796
2482
317
3939
4876
6409
5122
7898
9152
4953
9723
1737
2532
4649
3458
3632
2029
4372
1893
7070
4912
7297
8481
2735
7745
6125
1708
8270
4686
5517
2738
3698
1390
2231
3
6189
4717
6540
2329
6721
3517
9435
2615
4972
1331
9595
5792
5474
1885
7524
4140
2728
1012
2104
2048
3895
232
1692
3787
807
6825
4874
7845
4732
7174
2845
868
7820
2629
6481
3106
9078
2431
4103
9543
9089
2243
2757
8360
2134
1048
1348
8627
1679
5189
3067
3868
9596
5569
1131
8052
9537
8083
7052
2024
8174
9976
8752
6530
8369
2458
8868
1471
6015
823
1527
9006
8127
1570
3652
699
6214
7216
9853
4898
7758
6116
5913
8227
7034
8915
846
2603
5079
9635
5051
502
3532
4553
9858
6997
2790
6173
1365
1802
8165
8937
4537
8788
5177
1104
8686
9955
8804
4954
4932
9522
955
3801
1870
9370
4234
5416
3453
441
5188
7751
5675
6285
9837
6331
1620
5873
3696
2896
4187
8155
6402
2615
2934
2740
5127
7493
2923
1556
9709
9054
8133
8210
9076
2743
7899
5963
4503
178
6845
757
3175
1631
9756
5988
6726
1273
8603
8534
9196
1446
4700
5849
3153
1458
1840
1580
9359
534
9917
8749
9123
783
8560
5407
6557
5693
7627
2504
5426
6399
1025
5336
5738
9995
5010
1214
2550
7851
6065
5819
3195
2153
2965
3714
380
6157
309
7674
7693
2711
8644
9010
3907
3876
6855
8880
2029
5951
2313
3892
5569
4190
5272
7347
6596
7202
7172
977
4574
126
9396
9002
9601
4189
8173
6774
4446
8584
6275
693
7499
2429
4809
4140
6150
2417
7437
6989
5363
8082
273
9367
2102
3863
3811
7058
1342
9519
5585
3561
279
3437
7214
5371
2579
1075
7192
3007
3759
6125
3764
666
2274
7016
6880
6465
2464
6353
5007
7649
675
7405
6475
8577
8332
4753
9220
5924
7819
2360
6753
8545
5721
3434
7091
9929
3256
5497
1902
1699
7275
6663
8241
9427
7766
1554
9658
223
6767
4994
149
2573
9836
7822
8064
2692
380
5812
2315
7950
2475
5667
5121
5746
8740
3535
7977
5372
198
5505
1661
6671
3593
8972
4869
1956
1533
3917
3216
7872
8142
8960
5420
3109
145
1846
9300
3615
5318
2684
721
4721
2353
7020
5279
8970
8623
359
7679
8070
9752
166
7569
6850
5538
9114
6867
9992
1031
6992
3069
8171
3712
3182
5629
4426
9320
8819
7474
1866
3782
2442
5791
5398
6741
9751
5189
317
8902
3946
6067
8554
6901
5045
5206
6369
5023
4484
5399
654
4388
2317
9251
207
5428
1172
9356
6753
1921
7999
1048
1261
3154
6315
1
5657
8294
8700
704
7341
5285
9864
3397
3366
6919
608
4327
1380
4997
5921
728
1174
1635
1450
6915
8626
4277
6754
2249
4391
242
5876
659
1892
7644
4795
4628
4625
2703
3391
1297
561
518
1531
8923
2536
3131
6981
1292
8080
2248
60
5917
566
9038
7831
3320
3967
4483
4447
6389
9568
241
5654
3191
4877
2579
7507
4021
7062
147
3461
7818
1087
4477
3037
5334
4656
1813
1501
407
1550
8353
3669
4633
3366
4883
5565
2211
1808
6610
3454
4629
6429
315
1409
7581
8017
7592
3587
5981
9715
2701
3547
5506
8470
2154
6530
2632
1450
9426
6909
7501
1412
9959
3530
1779
2053
8000
6383
7960
6965
2779
8467
9045
9784
618
2502
5500
3239
5298
8321
5806
7360
3216
9657
6856
4136
7964
989
170
1105
122
6997
8451
5968
2241
7351
8327
4984
9353
9169
1958
6561
3696
2372
5601
4750
7234
5628
1675
4227
4954
9391
6173
6016
9751
5794
1643
2631
831
3252
6896
3565
3827
2213
7157
9403
7547
8646
7236
3362
7779
9200
3989
5792
6830
2958
1886
5977
1846
3437
3404
7062
9185
8150
5258
5385
6229
7287
4907
4240
3318
3702
3802
7626
9051
5948
281
464
2444
8638
8766
6034
4420
7849
883
7449
6867
3445
8205
3635
7884
6975
6272
9345
6763
9863
6360
973
7120
9781
8050
6241
1600
3256
5463
203
8334
3262
9172
4100
6110
646
4527
5809
5142
5690
6291
7715
1700
4504
9424
3804
2672
637
5011
6768
4873
6703
3396
8907
8207
6570
9015
6111
3815
7062
5984
1468
6405
2309
4289
2139
8063
2225
7532
9125
1246
8010
3478
9667
8317
7500
7863
7830
8205
8181
3520
5882
7576
4453
543
7310
2815
972
2757
7338
6614
2892
1739
4671
8191
5001
3565
1253
1074
1849
6416
5401
8664
9054
4831
1432
1439
8769
7725
7543
6019
5320
3432
8162
8829
4711
6344
3382
8925
7283
8498
6647
6951
8948
7597
2379
1481
5790
7592
4292
4427
3
2478
3270
4428
231
9328
3495
5019
955
9296
1037
9177
4513
5927
7420
568
4056
7932
9770
9372
7172
3139
7462
9913
7019
9593
8793
5113
5860
1839
9425
8871
2050
7750
3932
196
4693
686
5308
3981
5824
3807
7048
4855
4512
2278
2582
8370
1477
2223
3084
6245
3634
2993
1717
8441
7285
945
722
7993
7212
7811
8490
2586
7168
9957
3195
4724
8545
2147
259
415
3350
7472
7333
6726
3387
105
653
7489
1045
6432
7476
5656
5707
4870
430
1947
4135
1295
8101
7811
1021
3800
9467
8776
123
6431
7638
2341
1297
8845
3595
1642
1273
1203
2817
9238
6694
8118
2714
6117
6411
8349
2127
9970
8245
9375
6500
727
7445
6012
2854
2099
6141
3163
4646
9536
3053
6693
1076
4806
3695
2896
4252
8072
608
8334
6270
1565
2639
65
5478
3955
804
4741
6093
5509
3232
2661
4700
1307
4248
174
5255
5979
2471
1711
2544
8611
1597
3897
1713
3337
3001
9162
1592
1180
8295
454
2440
3837
5522
3086
1454
241
6731
4897
3710
1092
3872
7786
3591
5237
5756
1777
1939
147
5530
709
9852
3666
1805
4410
7778
8718
9601
3128
1840
3791
5496
4197
6569
2821
4742
3375
5688
5474
7642
1315
8761
5293
5651
2088
3297
5779
2622
160
4026
1452
4174
3379
5743
8777
3481
4251
3251
344
8149
7888
5007
5142
1729
1078
7616
8764
1822
6046
3186
5519
2757
4686
4743
3961
5673
7012
3249
9879
4904
4024
6950
80
2780
3471
9375
4181
5913
2892
8018
3026
7509
4522
3869
6861
758
9357
7376
1219
1656
9845
9419
2658
8047
765
9517
9197
3487
3900
7608
1475
7528
2040
5189
3923
9458
1659
4197
8810
408
6091
6971
9342
7255
3263
8277
9549
2002
1987
1028
8218
1629
4417
731
1336
5409
2334
2569
9678
361
2452
5843
250
1899
2958
1070
1283
1133
5097
9518
6837
9865
6665
8862
4633
9173
610
2052
322
1090
9657
6167
7482
844
8010
2946
3402
8152
9539
1805
9225
5579
2077
6755
5846
3722
2702
7733
2820
7679
4281
9054
6980
3655
5481
765
1659
3730
1225
6
5220
4409
3890
9475
957
5751
5177
5479
9878
7921
7070
4244
5823
609
4282
5417
2417
7675
5415
4804
4258
1456
6218
2648
9588
1545
4212
1719
9704
3720
9329
1675
6730
6957
891
4969
8952
8329
5776
6081
6236
9938
2510
7319
577
2747
2318
7432
5930
5625
3815
3200
9324
5390
9189
3860
8024
3297
4393
6934
2222
3188
5592
3587
4415
3633
2082
8558
1618
3521
3712
5635
5590
7644
8889
6771
7005
5788
5632
1415
3059
8881
8618
1943
2250
4437
6703
5192
372
1490
9844
143
7257
8271
6770
3279
4667
82
9869
2695
9169
2214
6044
7200
2962
6437
4927
2668
7776
6440
7281
3705
680
2376
9927
2043
8995
43
4399
5638
5670
3142
4187
6158
9610
4621
8553
4573
6818
2448
2003
1373
2991
8640
5251
6415
806
8934
1570
7693
3167
4074
8676
3092
523
6120
7005
8390
3697
9505
7728
1940
395
2941
8978
1983
306
8075
7457
5260
3503
4163
5307
7642
9291
9716
2346
5036
7175
3440
7601
104
1735
6173
3644
5330
1201
1291
2760
7889
9336
6139
9679
9197
6568
4121
4426
8272
3830
8143
5262
526
5994
5159
9450
7133
9006
1378
906
2478
1711
561
2738
6334
1722
5803
2761
1597
1286
1397
94
2925
2940
474
2154
1781
22
2019
2147
8517
4560
6704
9085
6006
723
8946
6056
8322
7437
4675
9386
8380
2679
9727
3222
736
9469
8370
3226
6565
5806
1842
8732
3
2469
6601
9173
3759
7864
3128
5805
7770
268
733
5085
9604
8314
4409
5405
6229
3903
7099
991
2864
7310
9524
3098
6344
4611
1811
4507
3377
328
860
7196
7234
6972
4004
6759
6647
6320
6169
6647
9590
1882
4378
6498
1838
1432
1522
7525
4819
6643
6437
4491
3497
8917
8069
2363
8569
8614
1382
4785
9268
2101
8716
9562
574
3646
2081
7687
6772
8744
6760
8084
1249
651
1399
4419
7664
5231
8901
2561
4594
9192
7530
3104
1958
8419
5511
7272
5473
3975
3223
7843
9224
9367
2783
5675
6620
5513
5488
6541
6847
4890
6757
7198
9863
1063
3792
6239
2008
2735
8533
8983
3265
7903
2520
7758
9667
49
4592
5826
2865
513
6918
249
7242
6137
6863
659
531
5789
6426
9615
6884
798
1265
9747
7461
264
9509
3224
7837
7537
7742
5844
9849
8917
250
9795
6724
7546
8658
6845
4487
8068
8261
9995
1024
6569
4351
762
9086
8616
1793
1847
771
9500
3739
5207
3503
464
2229
4330
9159
1592
4128
1460
7459
9343
5375
531
6586
1744
6216
529
9833
8785
3049
3924
1416
9436
3267
3765
5760
1111
2175
5145
5951
8313
37
2264
5177
7404
8166
801
7029
6705
6721
4303
4853
9029
768
5592
9399
508
7803
8149
5044
3598
4463
8190
6923
8047
5510
6674
9373
8542
9059
4320
2168
2815
5766
500
7458
5524
9750
5277
5329
5461
2735
267
5374
6920
5929
1837
3896
4190
8271
4028
5875
8508
1035
2327
9177
1597
4750
6225
2328
5680
314
2009
7203
7602
258
4574
3944
1058
1841
997
7959
1135
5759
2540
7279
4712
1181
5757
3732
8519
6482
1767
7966
3221
8775
1690
1075
967
5375
8142
1191
5424
5365
3707
6394
2808
3369
5393
5802
6568
8583
7468
2559
1740
1617
6334
3536
3179
3673
484
5709
5907
954
1817
5747
3641
9852
3578
2562
5130
9936
4642
4729
369
8067
8359
7495
3730
661
127
5627
2110
5746
1997
4658
9208
7903
1880
7318
8168
5618
4623
2953
8866
9226
6700
4027
2812
9197
1143
9397
992
188
2867
941
7340
4043
9018
7488
5093
2653
2938
9004
1130
2724
6278
6817
4932
2190
7939
5710
3939
8329
5344
9012
1786
4545
8858
46
7611
4470
3769
869
1995
8216
469
2667
3636
8750
5262
2511
8417
7587
1194
8053
1765
1886
2711
1496
2730
7643
4717
4411
2031
2416
8095
8975
7571
5409
8721
7393
1067
8669
2968
4457
3464
9540
8534
8111
1341
4133
8310
1224
6857
4955
5111
7678
9550
5096
2135
2520
6142
1191
791
5488
6451
8447
396
7701
3402
9637
6107
6429
8668
707
5397
8505
7296
6060
5517
9138
4982
5223
9041
3553
4668
2456
378
344
2201
671
770
5281
9826
4013
4040
3126
559
5646
666
9106
7806
7111
2835
2203
3945
6488
545
2506
3050
6597
6603
2718
2556
4337
3945
5952
5509
9579
1376
4635
7368
4094
1294
7433
967
4748
4948
8158
8673
9716
2482
4781
2502
8806
9314
2298
714
144
5778
4600
9
7437
8100
407
7008
1374
7423
8371
4952
1833
8644
3696
9397
6121
4095
430
4688
4766
7668
3271
477
6770
8367
6481
1928
5707
2841
958
9837
159
2095
174
6570
9760
1588
2983
6341
7325
2182
7703
4919
9239
1883
1466
2231
5363
8371
3004
3465
8145
9813
8260
9730
9718
5451
9617
112
6605
133
9116
4010
2029
5084
869
3304
3231
7327
3825
4204
7300
6414
4263
2040
742
8275
1685
1777
3155
2613
2718
4727
6856
6323
4513
1339
9720
3238
1878
7443
4491
7344
3070
9971
2487
8281
3554
8561
2810
9492
6627
9386
5937
4580
7543
6074
8090
1119
3829
167
5479
7996
4027
8790
1982
317
9231
6152
7451
3117
1762
2299
6017
6398
8518
8323
6193
4448
8594
7542
5311
8339
2405
3708
6955
3338
8359
4949
9294
9956
739
626
4750
9779
423
945
8740
8671
5893
9053
3717
2376
1360
4438
984
5339
4418
5970
9679
7787
8713
4395
3549
7996
3158
6804
7212
9025
2816
7165
3915
3764
1164
6945
685
7160
1139
9426
4701
2643
5333
169
4138
8140
8503
5685
6474
1064
8133
5161
1724
8061
8352
3650
454
1478
8416
7527
4782
7630
889
3547
4349
5922
2458
9048
3919
2631
8989
7166
8651
8674
5341
987
1875
5055
3297
9032
2188
7561
7236
9872
2828
2085
8817
63
4801
923
6669
7236
4611
872
6520
4298
7649
771
2725
9756
4431
5785
281
3995
492
8485
6802
9290
6826
4841
5701
5670
7337
482
2341
7450
4933
7002
1398
650
5903
1759
9377
3720
2314
8265
8628
4844
4810
6689
372
4246
3866
8544
1688
6032
396
5426
8655
9778
9939
1661
1112
9493
9474
3172
7080
7878
5387
8056
9204
9477
5088
4806
6045
9420
9325
7246
6484
8573
5538
3856
4776
7855
8052
1185
435
4892
7890
8942
736
9367
8349
5351
2250
9259
3317
6446
4631
4900
9661
3618
9265
4367
5718
1687
2333
8596
5424
7802
4214
5893
6582
5471
7853
1481
1047
9832
5949
2231
6142
6827
4260
1699
9755
9850
8342
6065
9933
3138
8947
2784
6620
3165
507
1167
3368
5440
322
7141
8373
1649
8483
5165
7611
9621
6839
5234
2996
1784
7773
5262
5925
4365
599
2736
1540
6959
414
8136
4983
7668
8100
5396
5803
443
4539
3431
2033
2847
3699
5903
8934
5813
7763
4183
5795
6358
6013
7849
6533
8461
4656
4331
4965
9815
3498
822
8291
4234
379
8986
2026
6902
327
9042
2502
4344
9601
4593
3363
7207
6571
6832
721
4064
6088
9497
1305
3959
2196
2820
768
4819
7019
1912
7450
6034
7155
1782
9260
4998
9052
7501
4929
981
5560
5370
1872
6831
9368
634
2046
7176
1049
69
6370
316
5142
3644
7886
6973
8274
4314
2773
5111
801
7005
7451
6323
9510
5998
6410
7017
8888
6904
1596
9690
2685
6511
9009
8232
18
7697
874
6678
4767
6383
3519
710
9490
4827
2256
248
1856
2911
3281
5983
8015
3509
2538
2337
1145
7905
4590
2746
1843
7637
4185
8234
9996
7555
656
7725
9670
5676
997
1754
3161
6786
2203
1693
3810
8490
2621
4622
6683
8162
3615
7750
3051
5343
5437
8517
9204
3362
1525
4293
8334
3421
8557
6944
4950
2705
5255
5528
329
2906
1363
5649
1154
5366
7272
6837
8376
1874
5986
6778
1602
1798
7257
2749
4146
2465
2871
4993
482
95
1755
3191
1775
5983
4567
7887
9803
7931
3557
4232
3495
2116
5356
8024
4376
1290
3783
1086
9706
9901
1673
2485
1979
2230
2839
1110
9467
1164
9484
7188
1924
6466
214
5378
8546
9762
5174
8072
4345
4401
6206
8367
8031
9591
4286
9396
1669
4071
9097
8568
4214
5245
5825
3317
9176
5236
8158
3382
3308
7471
8597
12
9449
6878
6092
9005
6284
7403
5722
2436
5733
9263
7757
5285
5825
4754
2919
5288
7960
1151
4457
8639
1826
8071
9731
4070
1405
8569
9423
989
215
7080
7617
1722
4798
8071
6226
7209
5585
5028
9234
7072
7087
6825
9553
5623
6738
7880
2003
8591
5677
5885
7063
478
3176
4258
6359
8620
4040
687
3127
3422
4697
2891
1801
8919
5127
5844
5887
8230
4029
4402
9277
1984
8937
4658
7553
2409
4151
2687
8232
7571
8567
556
2739
5443
3167
1994
9770
1607
1933
1891
5202
2663
8076
1834
7588
8757
2450
2680
3821
9727
9135
3532
6943
2343
4520
5633
558
5079
6478
9820
3493
606
6802
2720
7764
4550
4845
3759
6151
862
6670
9261
3215
4410
734
9085
9366
9486
9589
2029
8800
6288
2457
7741
9691
7668
7397
9394
4675
4875
6280
4765
8271
5860
3480
2824
2459
2342
9993
9359
6671
3485
3728
526
1759
4760
5407
8118
9920
1134
4301
9934
6265
7802
9415
5275
112
6895
2951
6758
1175
930
2418
783
8671
1759
4860
5920
9224
3749
9149
8731
3170
124
6108
7699
112
3703
1472
4120
8410
85
7721
5191
4587
4723
4494
1499
5193
6957
36
4276
4176
4109
7181
7502
1726
8776
3643
1589
3383
7082
2869
310
3416
6966
5575
6427
6272
4382
1248
7062
7878
8232
2119
3632
3541
4902
1241
1418
4797
6811
6955
2588
9626
285
8714
8725
6349
2000
4656
6850
359
7589
896
2189
5938
5195
8114
8296
7993
7645
1635
6695
5904
1147
1365
9773
9798
2342
8471
3117
5883
5250
7113
6433
7007
3777
332
2683
2293
138
4441
8645
6125
3874
8226
9090
5657
3396
7415
9905
8584
2821
3453
3230
8704
9136
3454
4417
7455
2133
3321
5426
3559
5807
6193
7131
2472
4106
4016
3560
4461
4067
1576
5476
2282
1147
7754
7680
7064
1179
6544
3975
7281
9534
3319
7900
5511
1301
9846
6490
9480
1299
515
4902
7709
8186
3545
5133
7696
2198
4306
5520
9834
1443
8417
978
5543
3528
5533
7227
7027
4377
4740
6995
2992
6375
5206
4298
1253
1546
1647
4594
2108
816
7194
5089
3109
6572
8125
6874
8080
894
5201
4252
2176
6977
8543
3868
9330
9197
9583
5274
105
7206
2391
6927
8923
921
7264
1027
7889
3995
6498
7154
3652
5299
718
5285
7614
8079
8505
7312
6622
7664
8686
4821
9095
1099
2979
7862
7848
7855
3914
2258
1170
9457
3193
6156
3686
4063
6
1662
4256
1887
4699
8866
2636
8428
2800
2145
2020
5232
5071
4720
1968
2006
9959
1649
49
8790
2574
8398
3664
943
4050
1771
2732
4379
2548
3812
2410
2014
6658
8728
4410
8695
9806
8839
6461
4613
5765
1710
3848
8976
2636
9287
2987
8570
1006
729
2786
2120
5930
4687
7432
2591
5056
6371
8946
6921
2029
5890
9195
4698
2050
2874
6623
7213
6948
8233
6166
2115
7450
4757
2416
4370
8540
6521
4645
6887
8734
6877
9455
2707
7711
8060
5853
1393
2117
6287
4068
9408
1038
3283
5328
8394
2337
9892
6469
5294
2050
6051
3537
256
7667
3488
9833
3973
2213
1123
2925
5025
6338
3767
2776
6905
9391
612
1337
9197
4602
7643
4934
7812
2759
9323
3914
2019
5103
8728
7606
9619
5133
2387
9716
9301
8137
3699
6400
4176
7347
3954
8109
3302
2035
4548
2732
8564
3449
4409
8802
2196
2136
5604
2313
624
5141
1666
9694
2991
5411
8325
3156
6049
1956
7600
81
6149
4655
8193
9693
2103
5737
383
4768
8476
5750
5224
5295
2050
9403
9833
6830
720
8189
9166
3930
611
731
1454
4355
6131
1379
1629
6419
511
8835
737
8105
9057
1169
5052
3643
8472
2612
5622
3413
8277
9241
4842
1066
1818
1693
549
1149
7163
489
5087
8206
4042
319
5823
7275
4659
4693
8651
4775
608
2761
2892
8284
6563
5153
1636
9586
652
5798
9920
4615
2382
1163
1510
1339
3498
46
7125
2385
2069
7289
25
1716
7417
311
5604
4924
5464
4505
6747
1072
7026
9167
4271
8094
9505
7928
456
8744
6327
7141
1912
3068
6999
916
1209
179
2435
2812
9668
4195
8842
994
8742
3716
2666
18
2352
1845
5113
7175
794
723
8568
3118
2906
9807
947
395
988
2216
5739
8162
7545
9612
484
122
3851
676
9061
2942
5661
5168
665
5940
2377
3856
3494
2074
1172
2910
138
3448
6408
2029
111
708
5671
2150
8102
3461
3621
62
1397
9971
3636
517
7172
7968
2101
8947
9692
5198
1839
4932
8368
7425
6002
484
9623
380
7477
2701
7645
5063
2433
316
4215
249
9787
642
1719
9488
1370
4881
9709
1819
7361
6939
6721
1213
5614
9430
7533
2952
2810
5796
8187
7498
5106
7787
4495
9545
7773
1923
4557
9189
2968
9513
6010
3111
3386
5287
5913
7557
5952
4205
4663
3080
8389
8421
3560
5247
4383
5468
6641
2869
9237
6887
5995
5060
2858
3402
9337
4098
568
7897
2902
4350
8033
4670
1788
3082
5036
7170
8801
1834
8840
3283
9440
7501
334
4586
7072
766
7840
7524
6161
5366
8072
1484
8825
4818
4358
2322
7350
6515
2637
2459
1249
7537
5180
6087
1031
9383
9325
7735
6265
2558
5147
8391
4160
8991
8228
777
6606
6110
3895
1725
2864
4971
348
6521
3232
4759
2036
1423
8282
5976
6792
4890
2745
7715
3694
2577
5710
9204
4535
4973
2445
6739
6063
2444
71
3903
3727
3506
8864
8158
3299
5014
6847
6283
4523
976
1875
327
9158
7340
8192
7087
5547
4440
6840
5394
6812
8478
3247
3295
9152
1786
7950
6895
4411
7649
316
8178
1634
5421
813
2008
2696
8921
6846
6461
6944
3872
7072
4678
1335
1148
2527
7489
7788
4277
6167
4433
3883
3292
3304
7692
4658
6724
2052
4692
213
2378
1677
899
2437
8540
2744
7480
5219
5677
3000
5533
674
4482
2613
3623
5076
597
2030
7539
9998
8889
4911
8890
3109
388
538
259
3474
4858
597
806
5234
8622
696
8729
1311
7252
4717
7076
9694
4848
293
9046
1388
4671
6719
5957
9632
3955
7486
8326
4587
809
5779
2777
2690
776
2996
2371
4860
4023
2978
5683
7920
3766
4672
7254
1451
5432
3951
1541
8627
604
4721
7872
6653
6498
9253
2139
9824
6182
2082
675
1710
2684
6354
3667
9173
4015
1475
2317
2762
9409
6657
911
7408
8636
5499
8063
6807
1350
2952
330
4670
8963
3586
5910
5041
5817
8258
3276
8785
7196
813
6391
3689
2840
479
609
6398
8451
5259
1992
6712
5929
6468
2055
7226
7624
1535
6785
4053
7992
123
6005
9842
765
3906
6747
4774
6128
1212
9493
3846
1232
8716
3876
2389
3151
6139
2798
9075
8139
8070
4857
2327
3384
9217
1459
1356
4722
4214
4120
7784
5494
2557
3042
5850
523
5199
8274
7715
7256
9561
3019
77
3225
6938
3004
8590
5069
6023
9291
6091
6015
890
9259
7957
8282
7779
5005
9550
8190
9424
6115
8806
9236
6238
3678
9926
3003
3981
2853
7784
6565
497
8991
7505
9243
4988
6046
1820
1936
6639
4280
6973
3901
275
983
7165
8685
1626
4560
9458
4054
7923
6875
8366
9896
1158
9122
2802
5669
2568
3493
3030
1961
535
2408
5819
6599
4963
3307
4443
3083
9167
5184
7466
1973
8030
9688
4206
3616
1663
7668
24
1897
7925
9159
9123
309
7462
4380
7285
4006
5426
6215
7839
915
6649
45
618
6611
6141
5787
8814
6903
9601
8965
4640
7885
8109
4207
2354
6114
3324
9388
4709
2173
6465
1956
6986
126
4064
3727
6623
4026
4350
6703
4243
9432
9579
9595
1145
5051
9475
5466
8740
5275
3883
5313
8578
8607
873
5673
6821
2150
3942
5668
556
2991
1129
8223
4204
1559
8745
4063
3109
1050
5500
179
7353
4619
1775
7106
7426
2369
602
1278
2691
908
269
7594
3096
6200
1550
5408
9233
2026
3441
2606
7949
4878
702
2911
9936
6525
5980
6999
6664
6438
9388
8572
5026
1401
206
9010
9478
6514
547
6875
5432
3831
162
6526
8507
3784
6006
4374
8857
9579
5141
9726
6751
1297
6692
7448
5828
6301
9147
5371
6645
8754
7238
7111
4079
9670
3435
8993
20
1900
4540
2687
3087
4010
4871
2151
5037
9546
2324
6353
9372
8082
8546
961
7641
4675
4551
5669
6822
2623
2976
2484
3627
8785
6185
1719
7743
5937
1821
7526
6044
793
2004
2984
6968
9943
7779
4062
714
7194
3161
9058
3441
3854
1141
6936
3677
1200
684
9717
5614
5834
5404
9660
2489
5902
7845
7149
2478
677
1952
8934
8770
6046
6348
7815
2889
7815
9503
4933
2759
8316
4646
9574
2457
5562
1899
3649
5890
4366
1645
6749
61
8567
4437
4944
8384
518
3088
7989
4743
6384
4201
6156
3884
6872
3355
4712
4905
7442
6068
2807
3543
288
4208
3993
5934
628
5637
7691
6786
947
873
7737
8327
4182
5761
298
4190
4232
1318
1109
2536
4701
3360
3099
2076
5578
7509
7213
2210
1844
5323
3050
3166
4714
5114
65
320
2100
4645
9149
5710
2740
9277
2305
7988
3967
7885
328
741
1340
8070
4749
5790
6738
8280
6400
8680
3797
477
4407
1979
8616
6680
379
4593
9860
3864
1610
3206
6712
9451
9710
8682
7549
6916
9229
9391
8480
3410
4738
175
6258
607
8502
8922
6998
4163
3066
4836
4163
9069
7680
1684
7928
4018
7287
3887
9238
8843
8955
8622
3201
8971
1013
7034
5506
7489
5490
5319
730
5307
5254
8980
2169
6649
3116
7568
4219
9599
7213
8416
1692
6629
1806
5032
7798
3739
4383
2086
8627
8142
6628
3163
6454
5907
521
1332
9244
5054
3539
3677
9944
5454
6449
8641
6233
2006
9821
5487
9480
9891
2144
3463
4892
5883
3990
8332
1889
9740
6210
5545
9468
152
6481
2848
3508
7623
5427
8597
3517
3483
1598
2732
6966
1742
1981
4440
6394
4975
51
2790
454
8912
9284
3395
8019
6362
9689
9325
5307
5565
4779
4553
3504
9401
1056
1483
2476
4028
6786
2489
372
9075
275
5072
4914
3312
5153
4467
7303
1898
4139
2133
9214
4879
8146
3637
3331
2410
3290
1784
7538
1547
9501
4578
8999
7631
9680
2936
5209
2922
1278
5146
7820
7978
1076
155
7368
8905
3412
8141
3616
1024
633
2464
983
5837
766
3577
5074
9720
3366
5144
2342
5097
8944
193
8627
9350
3606
8788
1490
9196
7941
2575
4963
6362
6843
2296
4729
1633
1439
8975
2557
9813
345
5673
7648
3139
2989
9242
6532
9552
6908
7745
367
6426
560
1574
5782
9717
8852
9191
6917
9834
1242
3128
1541
6766
6947
2747
7000
2253
2230
5947
3537
7485
2883
9471
7981
9315
5157
9175
6395
7709
652
8562
7870
3970
7414
3427
6031
6929
5131
923
3612
926
207
4957
3153
4913
8998
3871
5067
9902
4914
6007
7573
1823
47
1146
606
650
1915
5427
1167
5266
4797
2663
2248
5529
5100
5252
7065
8843
6611
7933
7815
154
5222
1483
2611
7883
9316
7887
6084
3704
8501
4658
9927
3516
8163
5504
5178
8621
201
6787
1680
2348
295
6732
9250
9308
8014
197
7557
1607
4963
6759
7956
9882
8620
6724
8139
7664
1084
9160
9968
4811
8282
1121
5918
8199
6548
9298
134
5774
6542
4080
1406
8232
729
9901
4544
8449
7765
9074
654
6544
7587
1385
1765
9839
2110
6776
5486
3509
3936
2096
5968
2331
7116
4735
4255
9698
7603
4213
8516
9027
5612
459
4373
1424
4467
9141
742
1943
7921
2205
9065
1883
5872
1726
6662
5943
4986
6130
321
9343
592
6473
6462
7071
9189
5444
5696
5053
5423
9596
9303
9354
285
5732
7547
9495
2098
1696
3503
4087
7724
7060
8030
3845
4516
4575
6108
9449
5506
6960
5042
6007
8823
7556
8981
9033
389
5668
9012
769
6773
7712
6934
542
2370
294
4162
1333
3902
5989
1894
9401
1266
1334
1320
7250
6186
7771
8175
5374
9944
6336
8174
6255
4716
5751
6083
3385
7149
3741
5431
184
3689
8292
7464
767
4694
5428
6115
6052
9771
9298
8186
9170
6754
7398
3969
4846
7325
3943
10
2594
116
2820
6567
2773
216
6023
1858
4154
1430
7910
7142
3958
9523
6517
7546
9840
990
1489
9324
6982
8005
5894
8501
9578
3714
2560
711
7789
8140
3391
8640
4750
455
7872
3
1382
7835
4556
2915
5405
9849
6976
7717
7415
5951
4248
1928
7910
8465
5094
9119
1747
1993
8555
3377
688
6277
9858
5404
2295
7605
6637
9676
9422
8568
5920
8200
9647
6107
213
6203
4669
7965
6789
58
9102
2220
8282
7580
7108
726
6348
8350
8525
6104
5458
4913
5162
8926
5249
891
5658
5339
3089
6629
4639
6126
2124
5599
7205
6862
4271
7914
4805
5846
2246
343
3168
80
6964
3129
9473
8823
7205
947
9833
6857
736
7944
4325
4543
46
3253
1035
6512
8186
266
2741
7818
9496
2797
4812
819
3899
1419
2287
3770
8068
4092
1795
2125
3278
1008
2788
6581
1635
1203
4929
6126
5922
7529
7968
8780
1746
5177
7791
8048
864
745
9155
5772
1180
4305
5002
6252
4380
7677
4760
4976
1529
5714
8686
818
1572
6344
4015
9366
9670
32
1548
5737
9304
9320
4796
6976
4839
4293
162
6319
1946
9878
5663
9762
1358
6238
1388
3481
1825
9722
7467
4142
6870
2882
3047
2694
4526
625
8336
8164
1255
4309
7343
4300
1542
3534
1447
8669
8242
8696
8546
5435
322
9758
7442
2822
6290
2626
4852
2277
3536
6838
7996
1820
1143
5627
2164
6960
283
2803
8956
5595
851
9919
7297
5417
5486
5404
160
9479
924
1763
8464
7707
8654
9931
4801
7832
9397
3813
574
4531
3934
3159
7026
776
3696
9611
7269
8454
5060
2951
1694
9199
4699
8241
4552
9979
9058
8622
9231
239
772
6493
384
7711
5836
1115
1745
5673
8054
3217
3031
1941
4421
8212
2896
1369
3274
9111
5609
1808
1410
1009
2794
9316
3331
3772
7505
5532
6693
2695
4300
6907
9947
9748
4161
6220
5803
4166
4558
8039
1775
1763
6472
2591
385
1360
1183
4709
1573
1592
206
7837
4127
8857
1203
1716
9899
7467
8620
9980
3290
6270
8590
4570
9163
7279
5625
7577
9591
8770
4308
3692
3898
4061
1683
4
1303
13
1692
9335
5612
2763
8974
7709
9545
3686
3415
6590
395
4586
6669
1957
9451
7675
2321
1390
3856
875
731
4069
8323
179
4258
4452
348
6923
4256
8558
9464
827
7359
7344
2715
1337
2284
1125
8103
9806
4627
6507
490
9527
8233
7445
7298
3962
7015
9994
6904
1834
2851
1125
9962
8860
5546
112
7527
6319
1112
5683
4336
2455
7307
7491
8407
1644
3276
8812
9354
3445
6406
9130
5670
618
1067
4460
5769
3295
8348
9563
3958
5540
6985
8633
1730
9699
8090
1319
3154
3152
3431
1497
677
5430
5002
6237
8692
5445
8978
4438
4343
7787
8410
7317
1672
2842
100
6270
21
7344
7741
9272
9957
758
4614
3008
7952
667
8178
6914
2505
360
3508
334
6057
6405
4376
1757
1515
3214
4350
7025
9141
740
8658
1606
7938
631
2569
4362
8492
4693
5680
2579
2972
2654
3111
9156
2988
3087
4183
5031
3976
9258
9035
5100
9181
7074
2334
6985
2492
2779
1935
7662
8626
3302
7275
4374
4474
1749
8543
9656
1473
1242
863
1056
5918
8832
6647
4650
7044
839
3679
4681
2219
8643
6787
3896
1000
9888
3903
5388
5300
7833
7639
936
7493
3687
2888
4675
7743
2252
2779
666
7809
6861
4090
7685
1156
8736
5841
6814
4849
5648
9385
4192
4398
7375
2175
3851
7533
3424
957
8421
9116
2640
5235
3781
6493
803
3557
4914
2641
5419
1199
20
2556
7685
4979
3424
3131
4452
1432
9246
2623
8188
5685
6469
9258
1933
8544
1045
