84251
36294
75878
21489
35903
81634
1667
30971
67318
50811
12542
16297
69055
68499
46953
97665
69471
81142
48658
72732
65841
8551
43192
20623
66700
46491
66098
93318
38786
40596
98399
68955
22293
54552
71186
46608
47657
53364
16568
98403
45397
9771
64890
64326
76168
1571
44459
62102
30602
55473
19416
15493
36098
9855
90809
4188
64098
91311
86051
20663
17095
33306
21349
17229
72805
77024
58361
87049
38687
40678
24865
73936
81769
34077
49822
69585
85646
77475
40695
41027
14574
53393
44395
12986
48091
28912
60200
96333
55588
41499
21368
23086
55975
10215
27069
17021
73965
4786
59164
60579
54159
19075
91942
80020
69021
46139
79360
3067
53716
10199
45830
13595
99852
7925
22320
99973
47771
43915
35404
68618
53545
26741
2990
73912
34261
83347
36610
73657
73089
6623
70063
99809
42297
99799
9896
71515
90484
64717
63816
44173
55342
67803
36449
244
80273
34352
72501
16956
91182
56093
83330
79577
42137
38875
43329
56666
32291
42292
75004
77774
64202
70898
84570
61434
72273
25505
91848
21379
2022
77324
55739
99409
47374
41997
25731
91090
49094
33562
44404
74858
61120
8276
88593
81617
74851
24256
62330
79196
35002
18525
73713
79126
7039
54764
90217
53505
66673
34289
17309
23106
3681
9421
19620
32820
4228
40246
90441
58000
72707
90804
10897
35793
52922
9618
32833
78670
74054
99000
14352
37526
79787
72122
63420
71949
16079
18834
72851
27415
11280
34747
72013
39702
11982
74705
52090
75881
26552
84262
70890
73682
3674
10987
21221
44789
30057
98199
66098
36143
46496
58089
11562
2889
29735
14741
10083
78578
43476
40095
97036
99701
58770
41559
86225
81998
37977
30846
72651
17461
11527
92932
94509
28117
18656
67829
23815
32478
79605
31572
21663
41281
73285
26711
19470
19928
84336
80376
75720
24655
59136
75002
17454
7477
21708
18077
85839
49938
25203
22423
62283
93968
38670
59510
13083
376
86908
2361
98005
48553
77552
59296
99415
71030
11610
90131
1153
41825
31190
99894
33362
79030
12376
12129
45671
38903
76751
53448
51431
2902
63597
13148
97182
32
50239
55070
72547
66992
80074
70834
92878
70751
57912
63642
61662
38228
38668
79614
57032
57104
60262
81452
90584
62662
51461
48790
70329
31507
95627
88839
37602
35282
8271
5142
87363
74363
40845
19555
84673
30499
45166
84015
60237
70618
55533
85823
83188
36138
25150
40478
57771
9442
45571
69337
13298
12933
66569
50539
60482
88333
27651
65455
19460
42488
57829
509
28005
79803
4854
42011
47156
33260
20084
98005
5664
72928
16801
84963
90274
66039
79135
6884
2548
36017
53400
157
97621
26151
30753
92314
59090
29687
59640
63674
63219
7193
16162
90532
81628
7062
36107
49834
62450
93286
94305
77884
51755
59694
73641
11929
32200
44933
48057
88622
39038
10004
12231
33251
98815
48413
30042
2117
46620
16985
54351
64848
65960
21206
79308
4762
4485
59252
82391
45204
5885
38489
70275
68538
12377
27904
15635
16667
16582
10521
95151
86839
46373
6213
18283
10778
21302
60826
49872
93710
90156
18897
51452
6620
14543
23826
47304
47395
55477
41999
50564
59668
82984
47011
73129
43883
71837
77257
49918
21438
62900
2915
97577
51225
62267
54555
70535
75026
86259
54685
85683
85562
582
28880
58803
89477
59366
51877
41461
33345
9472
38500
85845
98688
82413
14666
20799
24117
27674
58275
76047
73864
79149
12951
19716
62801
18705
70938
75603
67421
79635
29702
16099
43751
62565
39245
47450
28863
58518
33932
87899
11352
9750
8030
51167
23571
92301
98327
28044
98601
29986
80237
17526
25746
52427
95306
42284
15333
51410
32039
96738
32258
24778
11449
12810
71844
97690
27197
19694
31606
33241
72715
67798
14648
55423
80948
31
24578
79974
96579
6890
85209
98213
11755
59655
70789
68640
2107
10553
75628
52533
86
22339
22604
56191
15588
61003
46336
92768
48449
83784
50926
83240
17841
16745
98637
62592
32961
73474
70429
44279
25640
75135
53549
79339
93275
28448
15976
9623
89761
63742
82962
10555
71958
9227
69320
59308
6397
81536
30558
44080
90332
15935
10569
98708
31997
22782
8265
4585
66114
73255
47990
65906
90142
29229
65055
42645
39735
72076
55458
48361
83964
32386
97353
83640
87078
53751
45793
69839
62048
75168
12760
7574
83148
18632
8752
47024
43871
32184
57200
26083
31976
89545
2917
39750
37886
99293
87629
98469
17115
43976
84736
99070
96205
2671
95463
41474
79805
5533
36708
38722
61943
38245
57760
9636
55919
68332
6527
13607
52201
76987
42459
73025
39448
84054
48727
28748
40488
77981
37023
6000
22152
59481
57994
90264
16235
32116
13041
64656
62845
68607
64748
64355
85921
49571
61605
79478
98441
11107
18887
82810
99144
81100
7183
22215
17055
95785
10523
60751
87862
12460
35862
298
31597
92805
48852
23225
42244
62023
58447
19598
31818
2846
79535
53547
90796
63225
96109
45969
34051
2418
54859
98609
26834
47718
62382
22231
67009
4785
7156
7875
3234
42543
83543
81835
97932
82934
1046
5779
29528
65094
22512
15325
85843
89514
41657
9813
17184
94155
90110
23548
45495
18831
8491
22748
46713
36934
93157
18828
74386
8615
45534
75150
18664
47624
22363
13242
30822
27482
75863
21068
46595
88040
74768
71184
4620
406
54793
31263
95200
25169
14826
77167
10908
55207
24399
58195
69411
48955
77682
87153
34255
32894
35718
64190
41178
71486
95766
39092
93768
52323
84511
91423
78545
82965
46684
21991
79930
87637
61787
63092
56269
38752
55364
10611
14209
24347
15814
55673
68150
69320
52696
65404
69043
74966
59260
72923
12715
51408
49583
69066
56241
91054
50857
22385
80333
40780
62534
72533
78262
435
17348
46389
6867
91234
78405
41308
17431
6880
18523
91692
66916
93217
58576
68290
53108
19205
63701
96974
79896
44230
79362
55033
74272
34756
26380
13789
52848
97581
47722
79671
45368
97628
38656
12735
23035
55836
22071
95774
87228
84107
84641
81228
91155
41956
45079
30625
45664
509
768
8069
15458
12158
55054
11979
49507
18437
77519
51032
30888
37361
8576
83935
23818
6852
3316
14844
4300
58768
55476
10261
70665
41262
98623
87883
26906
33542
22128
93104
89364
70310
61979
64890
11999
61790
61811
12122
36285
59079
24276
11787
92062
54206
93902
66289
1516
30324
47756
84984
60973
9577
51356
35252
3588
75113
23087
72318
63667
