34408
89977
71390
27244
11028
83895
35177
46050
93047
19670
64089
73611
43711
82069
82969
72641
12070
48296
69827
42093
69849
61098
43519
77919
31511
13027
44938
88523
68490
54352
67429
79032
79896
63514
4081
46652
11954
25495
38712
1480
60550
39029
74936
76709
33832
39917
55373
87293
93933
18678
34710
86378
16224
92393
67705
19202
95895
71011
29518
42785
9599
93436
74799
89494
67066
27563
24350
90218
9528
614
48904
24282
40147
98321
79006
40122
75991
13321
87442
69967
41646
83415
25764
19357
88394
82095
1196
76883
40713
68701
84294
59180
79668
54699
18662
89862
33209
44771
70049
22267
