2482850
1942526
1436387
959796
612869
1252467
2212779
581677
1193421
1940727
1227459
943148
151478
250108
194135
1606230
1089390
1214977
1501547
2092772
685929
546771
2109622
921572
516276
49394
821858
2043902
1304913
479897
2264241
1803418
1736549
525502
954411
408781
920570
2050189
2011973
212569
644091
745861
685535
539605
543581
553500
1248228
1990719
748510
1788795
2139228
1888172
1003587
784253
270124
1739308
495058
625231
2302066
205715
560355
2146831
1652192
278480
963376
59793
2049856
2496400
1194972
1473423
1525740
1666907
174098
1947169
1733356
1255980
2235391
1435128
1342495
139812
224627
748402
1033144
1608253
1014771
2417881
319430
1813737
1146512
1572867
1186704
325085
1886244
59375
1384048
2267384
763680
626867
1163797
907284
587390
2163991
1241123
1109765
1363316
1179651
45361
187177
65613
147712
1657880
1486688
1545807
2350870
1707834
486200
1128274
1450163
114176
1205952
796230
1416924
435489
1386244
1682080
816171
1997325
500805
1723440
1583510
1585942
920863
1335324
1108194
1760047
393438
1501900
2022285
1071674
647539
2095593
2064408
869729
2282600
239141
2132804
2110149
925239
1985304
421196
878313
1090431
1780795
232935
5557
2083131
1013950
95436
364915
677931
1427223
1523959
409754
1371600
385132
1836535
794447
1787575
1319899
2389464
69139
47932
1148737
679545
1944650
996261
2416282
674048
1900540
669007
822034
1593178
1766006
139899
2170236
912828
172267
625563
1085076
387352
434646
1922209
1535741
522097
102121
655933
1767322
1930981
1787327
2064912
1480908
713726
1062130
22533
1217492
1369567
1192752
389470
1912603
1709406
1905343
86313
1510213
1932894
265374
484849
977713
721755
1098768
655127
2093856
2469966
690252
1561769
1107183
1396115
1480883
2153926
1024952
1472665
2453918
491674
2465145
706303
1962723
698303
1563808
596798
1730806
778370
1956814
717168
2378909
2303534
928338
1852861
974037
1839593
1718179
1532263
1144172
194165
438726
1442642
1448788
12608
2047430
1971560
2459314
2254832
1752734
1331830
298229
2204431
263068
1667717
2086989
2164926
2067656
1922298
1126345
2302609
1977025
1358917
98713
1300612
290513
551721
2358783
2041859
2072548
753305
1346950
1547217
2249939
276644
180903
290241
322693
2415298
1966348
1663443
404804
987591
2189454
840764
1484714
557134
2112859
568956
639853
1385040
1802250
2317296
134951
1958243
2055045
1422924
685461
1066316
1245063
1452938
2074283
378590
1011088
1095682
2171342
1199069
942808
1579845
86457
893337
228531
1743202
1347712
1574294
1182558
1236659
628314
748002
900195
315170
2472310
545281
1064063
425796
2234727
168869
1215772
2315940
1916750
1245793
1706575
183511
2049846
1219711
949564
1225247
112369
1193650
2165792
210067
336869
1928237
457232
2412606
35939
1722119
2095374
2126035
1718737
1481051
613668
731965
1559607
256510
1478861
263057
2065162
1141696
2279589
2412050
1193858
303088
1262079
2301725
220618
2342836
1715728
1750261
1654733
1570507
2103282
1387087
2137105
2184131
2218469
803403
959848
1906381
1433580
989163
2411362
1792862
1939641
1605333
966219
764406
1471214
1773411
253534
2116809
556377
1088607
1369617
602774
2420599
1887345
583736
1192970
1130119
1448946
1462689
2036055
632538
1894392
1468851
35611
538396
784040
2074532
1854771
1737565
1938828
1417760
966339
897545
1524002
16189
2397796
1150257
861152
694013
1946723
868623
1461441
804163
1851744
1497739
1842389
2296008
69152
719360
2140133
6559
985007
840657
1011666
116611
1742957
1486491
1747102
1153669
445119
2321510
2301119
227263
1352103
2169120
2109275
1149664
329803
1006020
565534
369950
2161916
2165189
2405967
1028248
1630433
1542727
934908
2172679
859811
612171
600930
2328555
19177
141739
1072394
2273475
1221880
1775716
892203
1682952
1194186
1313180
144
1975252
2014345
1483227
582043
2372142
1531394
2482414
1586570
1220873
1707087
1624709
2187153
852782
265696
1202342
208612
46864
2104254
701765
426135
1628124
2102421
1131706
750103
2453463
697501
1897251
455787
2103962
1697854
44199
211086
2462139
1274067
203163
2360427
2385169
1734874
914625
804792
1823754
2118004
1971457
2335573
587242
1761570
1585118
1364905
1375760
2063582
2383843
2359627
761822
1996547
2331388
366469
2042541
1932314
1516117
2397547
1417583
1278225
1592966
833711
1427394
631999
192115
873861
1234905
1008201
515025
433258
1897521
1214306
1015208
343966
1026000
64370
997016
2350798
939969
493295
2188770
731832
872093
723164
2219397
1140444
368560
843607
1650130
1123097
300490
888552
714682
562958
1078835
2032204
635031
1358521
2005341
908561
1845402
538391
913112
251141
960289
75973
1362626
2010974
2379797
1468359
829296
1971594
1024188
2119865
2009557
810500
2394248
1793036
2211422
155794
1336370
2327932
812606
1954943
597641
283419
1427674
407836
2091998
416718
2468946
1845052
715702
1072543
747148
1057674
1334489
1251086
1890126
970387
874189
501815
146565
2284467
1938763
1256957
1853519
202943
364832
1712711
630147
1461967
1766285
883443
21104
502678
1023219
2492718
1041218
2449499
2256906
1784015
1348368
64015
843582
1870251
1396637
731392
1383056
342717
1784674
964726
363450
1573686
469653
572285
94233
1214335
285499
1342835
287599
401829
852130
1498310
1382336
1005397
752199
99046
2198657
1922705
332
51345
1756084
79294
436533
1535325
1306658
2491978
1220861
157204
1641753
1711703
1647757
174104
441955
2455454
409939
351721
1524773
2158589
1236697
2280191
287072
1254252
51217
587791
1872833
654797
211632
1424484
2082158
73055
2262555
760542
2279011
669088
827386
319054
1720527
1937596
2303920
228708
2264879
991262
1891083
1588234
496643
1692517
1798152
481951
127670
929785
1898812
1291553
1397759
2268842
1827599
2130576
499712
255590
2134061
1634945
681959
358829
2034838
1760227
1085256
69041
1519568
2404198
2133194
1505717
841012
371909
334333
382892
2215022
1976962
109413
73559
826800
1685720
328713
1602135
2266218
2252783
2401647
39170
2314797
2282929
921012
1842141
1808194
721300
249400
1277853
410431
1197806
2067963
1321016
927869
845040
2391660
445639
788973
552487
1736391
1613496
149166
1464951
1017511
2131165
1643997
877552
325473
1231303
382495
287405
1715726
1794929
457600
244506
340071
902846
2000837
2046347
145060
1077717
22089
2053766
761616
1708498
1101198
585514
27727
2339454
938731
624526
2120432
824720
1208532
1748125
1208980
459357
30550
60816
615986
1335460
329243
2251902
2144020
1287587
548498
1701171
560344
1424383
248706
1675824
284619
1006674
2365960
1645082
2049528
2357950
2177879
2498362
1549745
1595368
2164468
2416242
2433112
2483960
816308
168909
2151801
1196901
361416
1098578
1476194
586124
408898
582448
2134122
1633202
194655
2287018
2230403
2296625
122770
1917069
2216125
247347
2367680
1153321
1824832
1951938
1999555
779062
726250
158897
555212
968353
708347
148603
242708
118925
2096302
411135
485732
1260898
937723
889921
2408456
2043369
644287
1119282
2483861
1604812
1881222
1849808
2410798
1437411
361084
529654
1505192
1844972
318639
1968044
619381
88270
2087884
311645
1321720
348665
1206230
1893045
840823
1927246
1882319
2375413
94520
348220
1988603
635674
2349600
1648152
443321
1384926
1195153
540354
623383
1151782
2313524
2278809
1296654
974537
1724690
1850040
2114798
2118017
2050020
2469299
1143427
547645
2051442
845416
2183653
2458133
835952
2340226
1759919
1758802
1409650
31206
1031383
1806128
2263051
38905
2368665
1070406
834466
403199
395614
1873629
934501
1210458
764496
820370
1098507
138486
264377
1854464
2130422
2139283
1092655
90558
353892
1423350
960675
773760
278211
1194322
204935
2240109
735323
431539
462984
667155
113312
340058
1381641
1106039
1413387
947622
970774
281423
2161309
1096662
1652622
2242628
889476
371964
2124109
2254673
1676679
722375
671653
1450718
1931369
155833
1990024
2122317
1060606
1086000
2461498
899778
1114614
1231454
2235758
1013601
71263
1757107
1639086
2487660
1017567
128552
181078
1532617
1554555
159280
2000220
655369
1838586
1831655
330324
2425340
1735662
1878718
1462500
509500
1977575
1791698
2154762
23230
1476107
278123
1083746
628601
1262110
2075282
707020
2347108
2205207
2297473
765431
2047723
1226689
26009
262801
536653
1131882
517809
60322
777435
525028
1647567
168471
601687
1987240
2473266
2466060
432376
1722126
899587
1410895
9409
163317
29770
1316153
145892
429131
2304354
748757
307433
840479
49874
80171
373678
1896829
123462
1122033
2447073
619684
150284
2065908
1303314
2396811
2393561
411734
1423921
2233753
423173
1716245
1869939
2297421
347282
2072904
1579112
1916569
1638891
1733630
1545130
130866
778466
1087066
292628
1359707
1922934
88550
2223350
103063
1256540
587349
849529
1181057
28958
1742948
1424748
106296
1720696
808032
502090
2411758
477594
2064054
2233574
947424
1763593
71569
474651
938115
1256299
832618
1775176
549359
1706288
627979
2071032
2150756
239293
2036729
2259088
1705727
106169
1640334
772429
992891
1323339
589883
546071
701898
469835
1181700
1898000
2239354
1695575
252875
1678232
1778405
1105220
1618649
2042330
1876791
1456334
536901
598012
1604214
289817
1298513
736745
1792398
436233
2347179
1604041
799507
39320
1947787
829666
532958
2248841
344527
406113
1621208
812233
2266127
743012
1649528
1580326
1077510
475092
1412972
477444
707842
329746
308124
1608515
2198355
427561
2389446
2091013
135773
536590
336644
360694
2213116
1426103
2149857
508358
613687
544124
729458
1069067
455711
1568294
2110822
463608
2002442
2052375
1909700
99916
1742469
1195637
1750824
2030026
1169554
1031868
208840
1666390
2181330
2397091
1356456
2052100
301847
1392087
1203814
619222
1541802
2366125
874213
200885
1837688
1879548
570140
809139
210681
741126
1503787
507720
616875
1483742
126606
892723
1631989
645224
95942
2035162
1031309
1291308
1767119
566424
617900
169744
2064196
2275690
190265
382955
2350413
1789771
289860
1797955
561539
2082699
1957351
941975
1643546
340107
1494293
252288
819757
71235
1375818
1504479
1565058
656733
1799930
169229
1530106
540307
87843
1736021
1011998
156366
322796
2152960
807255
1494939
1969668
842426
951552
640870
2213095
1465814
1357065
1473956
69366
745884
1155778
686338
2302222
843845
628651
1455947
1341820
258672
1559806
168537
1470913
2222599
1756473
1764635
688737
1853642
693276
1267064
1115276
1709456
2324958
50696
521617
531657
1512203
2412016
1191483
1501685
83547
1758728
1493489
885607
2086630
1773047
1873595
1277135
201537
1618299
776477
255613
618375
481832
2355677
1745680
2478062
1381688
1275998
33958
1056735
1859063
50691
1010281
2342355
1266801
31033
2072260
1160405
152471
1856176
1045312
2430238
634259
2231205
2127082
1874864
1987524
986948
1191957
1178524
267369
633526
2321416
39609
90820
1436543
1074193
211985
2134322
1111222
2046888
1511824
314679
1395049
2009445
1067801
2164105
1792540
1332119
1483316
135641
351468
2020611
848382
1201889
1761599
516813
2076601
1417004
1840907
1608015
946708
2001411
1689576
901826
2313265
1694770
432785
862423
75778
1042715
1265810
2282901
258280
650520
484243
1628765
650051
1647851
1020742
862480
1243325
1882744
423821
268835
171731
230635
2282892
442161
1795463
661764
2359029
2113001
1474483
1545070
1950324
766318
55983
1210022
619684
1443383
1858386
959585
1416554
1834553
1300438
2161213
285696
163833
1918064
386126
1498561
543154
1479331
2282038
676974
1772668
2469550
898105
1202680
68379
808484
396774
284783
1173209
284126
2083825
84011
20287
522078
1365211
2233318
590147
668147
522254
1912314
1339189
64683
197527
1700181
1395639
1131831
209345
79656
1375268
875979
2316096
1266888
1028592
1039440
870091
1611885
673551
1278755
2443218
385121
581248
1871711
2179047
916330
25832
684445
1330705
152529
201944
2200054
610255
1619001
2274024
2207261
2291718
1272736
5313
2159704
2157412
765282
1518127
591519
1861392
1954414
780074
445969
929517
914097
688982
1011416
1428580
1373368
2160577
1573795
2149734
1156163
2416384
76554
2035255
781820
1687198
1578247
2497261
2235921
624076
1662844
1022392
757381
1401737
813695
569485
483603
639773
716694
1246801
51206
1845661
304592
889183
1370476
996967
108759
1085592
855533
1277361
1630377
190738
1491721
1914644
1358631
1783267
365741
509212
2085979
1612543
1734223
980745
201399
2484765
184415
614937
1982017
436219
1983975
244127
2017510
2343790
2349929
2050723
706363
1856520
2393993
1651579
585298
1786028
930036
658160
2009093
2462147
1979487
2016939
740357
1757578
310050
175136
1083684
479179
1567259
687221
288522
42123
1710399
797392
2137766
1538329
2271808
796702
1438183
193213
444580
2491390
2076610
1648278
1330911
1229698
309310
2134475
617735
155173
207711
44414
2147923
1935359
1405072
878793
279084
2357586
897412
651667
298682
234279
2013870
130341
2255363
1161897
970956
1603782
1374934
279724
2020610
544914
756090
1554678
2395879
985959
2417948
1103552
1938644
731274
1208534
1349790
2170738
1034684
2026613
587099
194906
1929346
2114872
2195893
1028786
1027823
1496680
1552318
2436174
1164233
2132438
78817
1915967
551526
318845
873722
1188964
1908917
985872
811243
2242599
633768
2083838
205553
195232
70517
665910
2147472
1579474
2333677
304575
1826076
334567
1362728
259144
1634019
1247978
1221937
1281889
723920
1142235
2231813
2146704
2254636
440587
534715
1651903
2012208
2373859
1941160
2115343
2209774
1677511
2277880
2114532
1714110
862838
2125468
162723
2384707
112282
1830831
1219487
428303
127285
2313072
2401858
107012
2085883
1704011
513826
392127
1208671
1043740
2417986
1298013
757427
817458
1897006
1192012
212459
1924470
1875392
540143
832119
2428235
730546
2126832
2480488
1482839
2370767
2174315
2448524
73822
2119232
1244847
873807
1339870
612849
1617053
2190712
59691
766803
1679592
1390824
1325336
1682317
548434
623062
2414394
659941
1867336
2025886
109622
1322703
1051698
541224
873882
195104
1084779
2480873
2353048
109121
1945398
2287864
1040500
2162163
85460
1764810
899559
632556
351983
779574
1494371
281274
2027321
1245259
820710
344067
1188020
2234532
2437272
685095
1496408
2164938
1322939
2329247
978596
1888669
2431980
1326122
1325035
1857688
1599014
1846112
2441601
1422626
1511206
2165554
536172
1916998
1132715
653047
189484
1989160
120490
1635485
1613930
2099714
2286758
2169333
1773501
1617293
1549198
2180236
1491898
652410
1801781
1663370
1806422
529815
44413
1070656
147352
2131929
2043242
14449
487275
2177775
1837765
275583
69351
831176
1473360
1760236
1316743
522636
672352
1115778
1975738
1236269
1135435
1518106
71720
491559
572978
1702004
1455081
322143
126068
2082587
1203058
1652600
1528044
1733396
1955140
2433653
947722
1179997
351800
2326088
421149
2190480
2079486
2325747
1626592
255987
1842373
1205285
627758
1691702
1100572
652565
46823
2213023
1352044
1240620
2288396
2446853
2402256
1633139
1475150
1284349
1083458
1113381
2490627
898992
484902
1610213
470745
735817
1067543
457706
507608
1860932
907268
127854
1896802
129374
91780
693916
896962
2188195
775876
222335
1334627
2026223
2463765
1987481
288956
349576
1924053
2141564
1198157
1705623
434103
824108
55342
1389437
696744
1571260
897395
1095151
657657
1755062
2452693
2208523
1926192
103014
676865
744889
671321
1857055
1956809
2431296
241957
1076969
1679993
1080664
440423
2368767
2296822
913187
561848
1430442
1133286
1197922
2372995
1165024
874780
1415970
1894389
136343
81168
1940052
2235047
2239233
2092921
1166606
997272
1545274
1374005
1850346
2454761
955068
509042
973116
1309795
382022
724348
1508346
1582615
480118
2330358
176324
957943
1379262
1599835
1750969
1156873
98300
1431714
2089559
1633784
1948981
515359
983129
1171552
1064480
1869493
602518
1622236
1924900
651526
18739
1133696
1046851
1186967
713424
718352
122377
1962714
1672998
357391
1033939
1504160
231495
1813990
1776227
2017456
1250651
1570221
245355
800049
1666423
1981392
7890
338450
1222246
742458
42765
1246098
1037619
1896580
2288002
1937543
312742
2443645
2270992
1363191
1040077
1196115
2473924
1870895
1666390
937127
2438845
1717982
381600
743468
1232712
1099871
2439523
245845
1113140
1267550
302325
2447903
2488306
1196364
916567
254133
84080
2111447
1168371
240919
346604
2284157
1740167
896899
530997
1428604
1826773
688386
1113631
1121385
1568019
1655125
2371697
429573
2100998
949463
2066644
334673
1554839
682003
259165
1154187
1268140
1396617
296537
1811270
825999
1441986
360506
429065
628362
340506
1785942
1518355
746145
366611
1040284
1867780
1437597
1829524
1451829
1146891
2321071
1000641
717539
141621
734203
1397087
1056913
1362973
2276698
390297
1739746
525410
438041
794092
2324643
190372
1092231
234417
289636
1321892
1956936
1790654
2245156
196522
703875
1783955
1679200
1415852
990487
641499
1053217
1389294
494705
1332663
1200637
1552115
1060644
621323
857645
43378
2392757
2362486
423551
1308887
1331830
906060
1756834
1501754
847842
1103324
1974437
1807843
1697018
1404044
186089
1549991
2016532
1147752
2317628
437218
1038211
921238
320502
1342006
1576473
1854993
1805804
968341
1188827
2045054
239135
817052
1202421
606881
246808
846629
466259
263822
1822590
856583
854965
2204271
797971
1099873
923878
688541
2053751
1715343
640294
281571
2184142
473788
1718173
2268250
1966367
1335265
813679
482687
998848
1603871
995106
287049
1570218
556038
1734287
455052
808795
1465964
2820
1653538
1052634
246413
2001585
1821754
337804
1963246
621681
2465193
555453
745021
2146102
521242
757853
578942
1463963
2103046
657507
2166409
1619978
792640
1812430
936674
903301
1256349
1161747
1753023
1152895
904320
727081
1947689
335281
1984346
1924772
1558817
2233355
899671
2327535
1695942
1141589
1068518
760755
1006034
1950603
338533
402241
1503408
591153
1255278
1788927
1551427
2143351
2217874
35349
854095
169611
1656098
2483260
1923708
2273933
2281001
1180832
1816562
304650
2272007
1483064
691518
1667463
1365762
694803
952454
2104957
322896
864820
2345783
1237501
731772
2466105
1970673
2417874
2058653
1270520
1754872
1009750
663389
1499966
2370615
198894
2063634
295466
784200
2048747
1804561
155493
430297
1155015
454657
684710
223038
650340
24318
713464
943572
2338212
850521
1214952
302936
610752
352391
1688850
1462958
1499008
1185426
2300061
464398
2140913
751961
1628318
1580948
1569889
2310369
347610
374573
136912
927673
1891996
1653326
1121959
974185
1931071
496795
1136691
2045343
915711
941798
1093074
1456025
809130
51031
242526
839069
1859129
580121
2074748
688635
2463672
940154
1346933
482586
1743168
1257186
63140
1577546
1222360
916102
478718
1539819
448296
627161
314325
1172687
460459
537775
1033104
2244142
2111992
118514
1596228
229588
180846
1937841
552129
1169123
2117008
832612
1370721
225449
845463
1936566
2432708
686645
379671
328875
1368263
1675566
588120
2278274
43199
940278
834745
1012052
536184
259750
1704434
1987341
1889881
1798692
2144467
2383863
1404284
2479338
1584180
974593
1168127
543018
595731
1801814
466958
1444693
246201
486811
448583
1613042
2132155
982193
1218219
1951819
1473266
114391
856065
1249795
443266
2012734
301480
881230
1868749
2384850
1416930
2453248
489545
1894460
1870319
1019506
2015090
1174298
1595476
770133
1231059
264398
1612746
432502
1045779
1861860
914028
769933
24181
668245
550045
2206227
2034210
1916436
1200704
715358
764252
1130726
1637518
950303
