24751
8399
629
21150
28790
35316
29864
48337
23411
9246
29904
9518
24488
16584
27686
17291
44220
3551
33439
26028
25817
47123
21941
7159
40517
35521
49803
35719
25526
30789
33465
35229
25190
2874
33604
27791
6668
12637
46435
44528
4674
3596
120
31562
10410
44743
34756
3461
9916
26683
4653
2220
24153
41595
40242
7014
6346
42613
14184
45186
23517
9439
42198
40930
20649
26002
44114
18478
7653
25285
33200
3002
42909
1282
16130
19921
18690
29999
8364
41383
46786
43053
31162
19554
36609
38128
32395
7656
7222
10890
1714
12392
8396
47974
5932
40601
8999
13894
4454
46417
41046
16641
20579
48726
2905
18094
36343
542
47677
27716
12279
2967
6845
11100
38588
18191
20326
30056
26400
4153
47215
14440
10688
49898
453
41939
21869
32643
20752
35653
2042
904
10208
13221
12058
35898
12686
45606
42035
22182
45429
17427
37071
45018
16813
12904
5679
3286
23348
20893
27757
21224
22865
27365
32118
10034
20461
18261
25472
2660
30755
7522
38809
29734
12119
406
1913
1326
43662
15930
9338
8806
45625
27194
29005
4767
24058
34586
16118
42076
35006
22364
23920
4540
26002
14124
12060
38259
27818
33192
43480
10202
40066
44125
32853
25534
15868
20839
41507
21694
4814
24966
28016
4395
23179
25546
47318
18485
16250
25596
23572
32917
10817
11812
15563
16095
49041
13275
3616
6057
39310
3148
30945
25980
39954
36480
23221
10124
42871
1484
40833
26325
2332
39204
17281
4847
27700
3123
1149
48052
25868
43301
34723
42140
15667
36093
10881
12640
856
40351
11067
22557
49675
37895
12143
44948
8511
43693
5348
24541
4278
14456
31785
44359
38623
47470
22757
42325
38552
17661
46177
5494
9298
17633
45711
10907
43192
10744
41335
46161
43213
20757
46290
22552
31227
4999
42694
35039
42659
8106
46831
47663
3099
5827
30982
4163
35992
2749
11200
8028
42262
2630
6137
4234
32512
16133
9560
30471
33720
17905
29681
17487
3088
18070
39858
360
22147
2505
23696
34874
23500
31741
4698
38285
29528
31016
43616
26133
27695
42232
8496
26509
20735
44282
34219
15675
35770
17106
48747
8755
45681
22142
48108
33433
15345
29470
3598
1825
46959
34258
14815
25036
43984
40838
34425
42366
2573
36567
21758
16971
34230
17576
38776
31235
27282
38000
21571
4693
13659
49880
29503
32648
10045
44695
1987
20262
35180
20020
21968
26912
22814
26544
30888
34082
46089
36307
18108
22801
38024
28371
30940
36736
40793
47093
40181
46050
36771
41140
17977
41040
21658
34594
24114
40593
46577
8803
29781
1758
48783
49648
48382
32670
47803
29911
22444
224
49980
42625
19805
34253
44814
44757
24517
41548
7336
46107
22832
42176
37325
49089
31981
28793
34294
6497
19415
7495
44015
41925
7355
18817
47009
21439
48446
6236
15243
34295
45280
36771
20811
32915
28556
8142
16761
31614
27342
7940
38973
21028
47213
29819
3866
39918
22738
4478
7440
26742
18786
16707
43068
20277
21078
29943
25962
46545
17490
12230
42329
10278
42856
38403
27742
16787
41930
18961
549
27601
32674
45608
30150
17633
36126
22331
29169
935
15264
41100
45219
32117
1558
41344
