1473
4544
3029
4669
2550
216
58
127
2043
285
2389
3722
4452
531
383
3043
2570
527
1989
3523
2867
1722
4969
3230
2380
4917
431
438
4846
4385
4714
2403
4804
4684
2179
4760
3939
2577
3487
4650
3599
1992
675
763
2835
1722
3140
543
3688
1721
1931
2751
1818
3643
814
1819
194
1150
2854
725
1311
3546
622
2796
2275
2011
4017
3149
3900
3594
3759
2078
3406
3432
1897
3100
1645
1054
4523
607
4740
4153
4833
1218
4739
1158
2438
1777
4351
1177
2104
1490
2961
3131
1603
2025
4694
661
1003
2366
2313
1069
3736
4491
880
2360
3797
4526
751
1373
2740
2737
1214
1133
3058
963
1582
2162
3846
2871
4082
1095
2724
2716
982
3525
2962
2862
4687
2675
1466
1593
4152
2036
2070
3680
3265
3690
3392
2042
1044
4032
2963
1530
700
3982
4137
3540
1854
2858
628
471
4777
2066
3855
2398
4589
713
4434
3998
1440
21
2046
1909
288
4067
1333
4985
2672
1994
1225
2281
4530
3880
4886
3207
2542
3382
780
2567
4583
4877
4293
1407
4555
1926
36
3931
1497
3936
1653
2928
3175
3480
2418
4856
1841
2801
654
1444
1545
3798
1482
2699
1890
1039
3830
4920
3213
3092
3844
1027
4637
4996
1587
2173
3387
2145
4960
139
1338
3290
2681
1168
505
2268
1604
1068
1160
2617
2278
4599
159
1608
3201
3096
810
2299
528
625
621
2097
307
4706
1751
3287
900
469
3511
1655
3359
2389
825
2823
1728
4436
2915
2438
1956
1786
1342
3022
2316
4629
863
4091
2706
2392
3281
2059
4336
2191
1426
4281
4708
316
2191
4794
4488
3320
349
860
3667
138
1957
943
3344
1517
4650
197
4062
4580
3987
4854
4694
1719
2031
837
3193
2523
239
3928
1213
2327
348
1036
2388
2866
2749
4223
2160
586
2401
4494
3008
2322
2143
3322
1937
3857
184
4602
1345
765
2118
874
3649
4889
1019
2065
1302
3742
4724
4447
253
3592
2887
1874
2951
4338
1317
194
622
2167
2172
248
3835
2800
4835
2802
4109
1750
385
1920
1525
2706
862
1727
2352
2053
3941
2448
2232
4391
790
1512
288
2662
158
887
1993
22
1876
1022
2116
1347
4184
4448
4431
2708
2847
1959
410
2881
987
2797
1672
1741
482
4891
2313
3368
1969
3818
296
169
4777
1128
1871
880
1027
1226
2493
3195
2426
1059
1633
936
3215
2072
4537
1736
4776
4469
3805
4367
887
3284
4931
2128
1878
1544
2209
3465
1258
2521
944
4550
4303
1765
566
2523
1256
4243
1244
1034
3552
3241
3931
3935
4605
3396
4983
2040
1177
863
1256
1359
2242
1566
1033
1385
2349
4454
3102
2677
4939
4661
1685
3091
1310
4462
4626
3041
158
2957
4600
3000
676
869
281
1112
3574
1226
1848
4853
4784
3807
4957
1903
2011
3679
2155
2057
3284
1773
3628
2713
4987
1271
2978
1599
1540
2438
4280
1910
3660
4205
4414
3377
