184210
232486
67470
14704
97816
164233
21703
89736
165467
114412
169943
112997
88367
103844
51441
192249
143333
194829
60216
6866
132981
143829
44246
232443
54044
88201
59893
172513
89398
20474
247608
116951
209270
179695
8199
140895
36104
185892
189469
26069
52004
58182
17463
19990
216400
67457
249470
116162
163480
64146
83124
248569
138091
24431
56938
149463
69606
40708
17289
130591
26052
237828
162607
50340
188324
10425
51420
39850
90833
46992
175743
180805
211502
47572
114908
141719
77054
37499
232001
50588
94299
120659
101313
49268
76516
236969
176001
172545
145106
11150
126166
114984
184764
109188
147486
74748
155451
172098
226697
206365
176523
59584
207847
79758
207211
132314
192746
52885
321
27469
43316
1610
225069
224502
233876
190310
175267
239818
38484
43907
163179
99212
69714
198737
140954
1356
186793
63554
158205
23383
3516
180157
118203
193037
106373
239756
245317
18212
220858
40919
180034
242913
209597
30957
11462
204701
144065
102054
192471
120632
208280
131561
147780
194086
130347
52665
66953
207438
134324
5089
158035
224050
234247
60725
80362
86700
152072
128944
225759
116119
26750
235364
26117
51685
233226
248789
53100
57612
37909
178023
49682
33476
108000
164247
219290
68153
247815
114322
174162
223197
104572
117659
41166
14229
116329
135939
170573
169122
170810
50615
135595
237904
113198
176827
35306
67543
121623
41416
242645
101599
244003
119014
1065
13365
64998
146501
152922
89551
221469
188575
49568
4654
138421
111106
117566
37050
241611
5784
218533
184033
246012
245616
165637
138142
129687
205418
59914
181870
124863
121982
37215
111454
120024
62204
177482
73125
98411
239114
102500
175543
171894
246451
181304
181983
153270
157730
3241
166371
24488
35515
32717
212510
186381
123521
85164
235737
214202
8058
234148
146681
123846
167937
82873
26528
150911
190153
180318
98591
48739
52475
167469
42835
114512
118277
2030
52593
203659
148284
77605
225413
165887
16586
141120
249644
35232
233262
205465
196602
12877
143968
6177
94908
32893
142310
74933
245811
7324
120856
178639
187256
32527
23500
229002
136906
209006
247636
119924
89656
186810
30418
172398
73650
113623
209229
34825
159994
96055
45467
69811
137299
25891
121766
33417
67330
154024
157570
113290
232051
119812
208692
54341
17805
25637
126357
184033
229103
24033
231948
160889
83343
74074
94916
171567
113999
210581
72228
221721
81104
150218
230027
119196
238723
159960
92893
57575
78519
112420
68011
140222
183140
12704
49984
150759
45921
160143
158424
205001
153173
236337
55387
205171
166559
14521
129632
235760
185500
179794
109010
117765
84746
175746
135081
823
83246
12861
13781
114070
157044
18384
62599
180932
22254
62859
198844
149614
147295
58435
112935
60323
181183
74305
222981
101539
28768
157635
55176
249957
124556
105
197239
125494
231675
222380
117361
238595
122251
166126
108297
36033
156722
212680
113691
40436
158367
168037
104964
44467
76165
56026
84367
31196
94302
192895
247567
130020
119225
154755
195365
101923
101572
231585
211533
195741
29775
183999
209464
41294
116942
144779
7840
96238
117613
61044
45618
118128
93022
59561
87633
243065
242862
247623
138788
137618
181654
90140
39635
6564
175586
13492
94131
186583
24402
179172
105054
19656
197258
101453
97536
215855
109756
14329
97804
107782
238582
229156
157748
78674
133290
11255
2928
195129
41379
222796
43870
135242
197912
33601
187488
181587
90422
279
178612
49134
7369
216705
242955
152857
121981
206799
141317
96142
156558
210423
143485
27292
129249
20547
79000
247544
42141
98896
237617
240295
65094
158665
12200
14004
113342
135965
195282
184837
159259
193302
195787
154359
145409
120458
79423
229044
63653
207156
167065
88709
157777
172424
53708
194020
220784
50562
119034
193796
52371
58838
193161
103266
21520
234416
141227
203840
167659
137469
220550
112575
237318
220916
121798
161729
77593
38990
111013
30401
115051
194539
52620
247395
37956
200808
237786
81431
247832
3540
163759
39037
100034
134688
98861
20357
125627
151715
214236
67755
177599
132153
134278
179285
57401
119506
214375
181124
121394
75104
65048
163785
34468
243875
187701
155856
132449
18162
70270
24723
76448
62065
133106
137316
211816
72801
92796
171151
139188
194035
194518
224081
226900
83190
141048
47503
40875
111780
15573
212882
92770
68591
19493
119404
234533
239502
36132
10610
235279
30837
201361
168115
67318
160274
90712
93494
24459
126889
96289
113751
155517
226607
142374
47715
113392
28144
163540
2425
244478
55173
161026
58773
8261
231518
28319
108780
100564
147153
231270
67255
120354
19067
94210
95276
148691
24421
66417
171534
244863
54797
107913
234872
55694
81159
119303
23012
129931
233375
157825
139333
115709
190590
237734
76798
125406
49536
196668
60892
49047
164127
71539
197966
118384
237334
119035
172336
241858
61446
95229
115674
77057
48087
131754
151287
237853
145414
21703
148430
213583
136120
87170
35952
187494
81495
78378
11616
106139
109543
5406
119436
81084
126126
179545
82769
81571
208879
249772
229890
210518
233653
158660
77092
137898
90194
142274
66285
70438
93461
39595
202193
239243
239882
126996
218449
90656
10086
203473
188625
150287
93870
53651
194686
22051
152693
216338
224814
192707
45583
57095
105277
158417
156578
201730
131762
165065
157336
204862
82726
45531
155091
50615
50806
52298
73789
165809
84580
50008
155495
219400
98574
6311
188178
249431
3284
206990
214172
199125
228291
172015
99866
219451
75719
2591
60494
202426
50574
181224
24488
126812
81793
130178
200590
115169
53190
200421
216845
249881
13175
194731
102471
183374
188202
230542
141750
172303
174958
234319
13941
239639
54211
194
112192
172191
114909
106495
111327
60200
162611
217175
82702
31769
111357
186460
105981
32639
206621
241263
17273
166455
216238
147018
206834
199132
210336
108954
208727
70957
119109
88195
231861
96283
69814
11131
42649
187445
249389
183006
203319
62419
185
38723
151758
112834
92407
17621
87360
130303
135102
145815
57492
230840
86820
74516
66009
155069
99152
94371
233146
139396
119324
106835
165916
245074
118027
55369
41674
234212
126957
181562
242745
125874
190529
157183
77092
141591
165187
165219
93828
136208
63828
88739
129723
179142
186125
60983
173504
113296
91139
174047
129650
135243
61019
155225
15324
74259
66094
192244
185986
202093
213762
144698
50887
73758
186558
196122
146324
215402
69460
45319
158836
1369
64668
249866
37316
182380
148226
32039
28295
168559
193557
152482
221628
155071
227092
57507
67465
206120
35808
3170
210795
111545
133885
16179
198812
73965
45104
151280
211174
167374
229448
158846
29386
137934
219772
113431
25975
59480
38703
38053
150614
178056
90361
78400
85785
185713
177003
156995
152783
143834
174043
245407
196496
92883
170376
141832
108906
133845
246209
158769
249475
121537
4801
64068
181485
92831
11735
164971
188013
46215
219132
225373
121387
7284
100064
221823
220648
164719
37089
55827
121563
133292
77514
194885
152289
35360
110816
126428
212365
207885
117343
17569
215781
120995
69343
138894
25350
1833
90463
51028
111449
53273
40063
48570
108200
68716
202193
249182
80267
37483
170057
72536
66456
148036
151523
55241
185308
224224
235299
27435
14630
196977
7253
97540
145286
40164
116239
183343
7091
89703
203489
17913
88692
1482
78702
21395
15770
127530
204152
107694
190136
78437
101261
83254
72183
110271
81501
14658
204170
86536
70998
53573
114005
153661
195762
180435
133775
104581
246172
107926
98403
200348
80533
141751
174198
154909
56462
137594
106176
187128
236826
196562
157229
125151
55108
166919
111214
188542
206560
192874
151805
19923
100106
187055
143671
222858
206856
162856
86959
7732
215409
33091
147402
20448
46366
207374
209520
32819
177283
142259
83885
118441
164516
184504
225466
160018
109184
163789
128509
103298
110094
142467
233152
242392
106080
218707
135809
119250
124897
107467
101616
21643
218105
163464
112244
102710
121183
104438
90783
174454
207903
233027
47788
11780
144729
183526
37873
59567
220648
193761
171048
19515
190179
10896
165485
231339
19833
73091
195625
171128
71607
226048
16313
215593
215586
54400
175984
79641
1576
115543
21646
3360
237852
15564
183185
222901
28568
40265
71709
186082
184518
214256
52593
2335
36423
49670
130886
91249
139731
13572
64811
34237
230639
110521
61190
43835
7367
11524
168374
2061
209009
137759
141191
241025
53317
244557
171559
135748
153991
156597
8778
182490
238079
3214
197133
237243
14
104730
209067
16769
213691
23180
234035
36407
9685
137843
223092
202727
210068
124260
94799
110739
244676
182122
31626
27406
75305
152630
15523
248435
53201
17920
138938
161851
52689
57893
179472
127066
50679
204764
58318
57478
76242
190772
94588
212162
52502
100709
131490
237878
71623
89782
75312
3306
161315
244738
144103
30858
218490
179265
164102
12644
142076
3292
133968
171325
6928
172256
61115
215867
133665
125561
55877
246453
98043
54928
39550
95110
197263
83340
213375
38006
155127
27554
81859
211856
149950
46958
163074
16178
206306
145178
220465
34210
170326
194812
27919
101758
33549
26861
133365
213840
43550
237052
235502
134822
153285
7128
218826
146087
64211
10360
124167
223690
193684
133589
236723
188894
14629
232715
86842
124282
199045
73199
137429
56257
51596
169278
46408
79492
51370
123687
197890
90956
243533
19270
25538
154788
122308
160986
19444
99195
185277
170449
114819
204314
107555
208805
138186
186270
137331
83580
142235
24940
159471
174373
175231
140511
10216
218329
157890
21049
38124
239178
116149
221098
151739
49354
114837
243864
64844
196978
61565
111589
224771
33625
59578
35787
70347
208594
148519
158535
210635
45249
49147
18773
193328
89293
85647
193534
34284
238719
203014
57690
224231
148009
176495
164018
47053
6239
49437
150857
56288
128888
48971
133246
71551
6467
74194
170293
222381
191252
46884
38071
57416
230583
217099
237006
8126
4911
190431
185504
241331
210863
247514
54280
99011
156072
5657
137285
123950
93391
25472
1875
44567
75097
56663
63578
201199
28170
242633
184966
107450
186261
43767
105541
194185
136443
211827
150185
102979
156133
161955
145326
234811
74105
90695
62397
214339
3421
228196
43557
129495
45982
131483
229535
178457
187203
138074
238284
62172
6092
107508
139067
49408
62268
134668
191728
72566
118376
192802
186198
56240
164129
145741
98642
145377
162380
111783
148814
220553
105084
185296
147699
15152
136853
2137
100575
211288
86641
187941
64506
152114
160512
93670
211403
227897
228131
161453
26255
8877
88074
211101
213517
171067
189083
181846
102119
120163
218299
92047
117073
184605
121371
173227
70020
190703
133565
41833
187691
54875
60749
172565
57305
12701
229687
127767
249437
243180
210778
186843
44970
115930
232602
6825
46094
121882
187768
15963
194990
173005
227816
223468
27554
199180
52496
162926
28394
210933
22685
122154
44121
200676
184378
43349
246880
84368
243081
185309
135867
169345
13437
227079
169615
119227
131339
31747
238467
8467
116286
177478
226507
40545
233195
33652
4453
81497
84919
12373
247467
185413
39899
139614
154306
65295
184720
177622
3384
240137
111201
217153
152669
45700
195178
229294
212834
14686
137520
227539
60109
99628
172184
142364
104612
109526
243550
82795
81449
9700
127551
20168
185723
67403
247504
188925
192506
59213
236568
32443
151187
127434
216071
6204
69441
30834
248845
127260
228311
107686
225636
217478
40630
58110
42622
93860
14951
232870
40605
139581
66156
156091
141560
48360
197384
173360
35164
229286
69285
212572
239228
166532
200677
170394
47055
207727
126372
70193
145755
142809
26718
58389
179702
124413
64272
105117
176710
184896
160040
145380
141916
44377
59694
155024
137153
56645
68144
211803
198439
46252
126501
70170
126842
80214
106805
247917
183101
176037
136187
116344
137079
203294
117898
230740
55038
172362
137015
187456
51020
231000
16536
246794
249081
191656
40754
41670
245823
135088
170516
164702
245525
206390
224282
143326
8072
210298
203071
150169
179957
97979
190434
64401
4939
128557
125638
183341
150840
163666
193933
169577
63754
138816
73028
58330
117724
673
64252
199064
17087
186829
32256
227111
226695
144730
179371
168842
202673
19926
10465
160644
65380
91836
33707
224409
103167
216884
193473
89610
188109
146855
178522
10657
26911
225329
75841
64102
49735
113540
246839
217845
99330
42917
206037
128636
223724
203194
7586
133728
120951
16983
27665
192985
109549
95129
216311
232501
17283
230311
17235
7049
80199
5779
51649
180030
89953
93457
122651
11804
46446
187261
76914
158763
82346
136319
107174
103144
66448
141758
98669
199275
129528
226743
54080
159298
86610
46538
44893
219568
200890
152980
50492
119443
126642
66090
236241
185464
132276
132146
158086
73163
222736
154985
15596
249819
169121
135912
225146
54966
619
117773
67025
24498
86313
4073
22030
29228
58354
141389
108179
210321
57244
11584
158502
31861
157481
157209
20288
196306
241359
140797
210216
139728
209432
54645
58739
233494
188945
206051
194320
178356
128065
114322
203417
93606
63048
76496
116752
186809
4628
122169
41258
243299
157999
245120
247925
135062
249826
186206
107315
6284
128987
99691
122660
198828
105750
145107
125407
245917
35143
99104
549
190983
52503
104645
121719
120964
78224
78632
233990
97873
36195
198537
229617
18160
171868
66760
26381
171249
116412
221827
175914
33430
40061
61825
161565
79804
91975
232361
104729
7319
179727
191103
27448
91847
231170
39550
142598
179958
143938
119282
57799
183647
229754
227259
83068
157204
13328
101745
189856
51787
61998
144175
120310
29703
240822
7481
176957
225843
201517
104511
439
135952
64113
94163
13687
221857
196335
115034
212112
99579
237509
172779
53362
113984
55094
172369
102939
106710
107775
62117
126430
168856
16614
242041
8497
40616
5144
24761
170928
231576
202431
160391
163001
127747
161651
99924
227006
145998
17282
20284
154389
39905
122311
19583
63387
217761
103912
36773
145965
175515
114554
143426
21822
112368
145035
183719
249288
4432
99769
107165
131986
237110
2350
134959
47004
89659
19904
103512
52440
122279
23948
213685
228612
223680
198670
153601
83174
162726
22881
160789
5019
147686
153512
27431
28031
4414
164828
123549
47221
197081
222335
29467
95442
206558
94114
243709
247241
3874
147079
236828
31707
70559
91120
74578
98782
62877
91013
53228
223093
86347
41282
167053
229553
68462
93801
41437
103641
223927
139740
92735
203508
102912
56450
249594
32924
175289
45156
92158
190452
240171
210375
220299
153694
135927
135860
146537
16725
59228
69359
230688
42522
129346
232463
109798
129519
13538
121569
222553
150014
213038
228938
231244
23466
236469
128115
54833
119980
82373
191367
182198
219825
49831
175321
31149
191378
73381
193473
191560
210748
93798
88738
150509
9347
97785
139850
37341
67860
200212
167345
231033
123665
141235
78956
226447
199390
125388
29960
196459
181761
53593
137587
99466
5645
143776
222566
193571
90979
12291
76434
26516
34838
164288
4897
37846
13481
121950
236913
184238
122888
159609
149730
164541
173466
189064
212909
233885
249558
28169
221999
213202
120192
24184
97810
228633
204453
48804
71825
192816
203493
59597
66803
143373
83682
151571
225721
241620
168530
60668
156183
103531
223130
88315
245571
139572
84141
40584
175528
99346
88213
238472
170581
180137
237215
200223
167131
230448
167070
97568
3482
152312
171901
55736
171612
98821
28465
233738
167758
184289
109811
211672
4725
5929
243036
90056
42057
94557
103197
178167
124480
142081
4088
161824
243235
26874
132090
192167
200253
190145
81931
95398
41610
172421
145524
77508
69990
26347
174273
94767
72463
193971
47234
118248
175276
23101
204437
208833
131161
206296
38736
110690
211913
197070
146514
44820
230503
170056
36485
239392
174213
6272
31345
178923
223251
48090
202677
31633
77880
222101
141115
190847
13051
172698
58506
231296
218872
10411
96559
209084
140888
133214
15182
30905
164929
218105
133277
178932
221531
170293
229326
11091
127812
169873
188716
47333
26730
86541
26048
224966
17404
148691
20881
99456
96683
77104
77806
74349
115972
169414
130565
170612
112969
165839
50020
37652
101274
167304
55653
173806
173668
106285
100340
151243
66666
248092
181252
136478
107441
64678
228453
213961
17211
41805
217334
30815
93144
66289
234822
230809
4870
58694
68777
55700
239714
100025
72706
78463
208151
77530
211942
6530
73166
5430
164655
172076
14938
116119
172965
16520
173941
121827
84951
136829
124887
93025
199837
175512
247211
194523
167166
13396
143734
64082
133470
157364
95213
215753
119992
146657
245449
42555
84199
22491
477
39148
65176
66333
184117
233259
63786
159888
64575
119561
201841
117838
57537
151488
195129
62774
26598
23431
36641
65654
4636
220917
174633
178808
15357
969
137751
57590
45128
4564
89877
207886
239242
52358
219587
135547
224574
44214
160660
